,x mean,x median,x min,x max,x range,x std,x rms,x kurt,x var,x skew,y mean,y median,y min,y max,y range,y std,y rms,y kurt,y var,y skew,z mean,z median,z min,z max,z range,z std,z rms,z kurt,z var,z skew,label
0,0.017522827191553444,-0.02575779672691834,-1.1167543846936971,0.42682392041461253,0.5116958183529989,0.41224882411783015,0.32121543221901144,0.5161137199256072,0.5071689689026102,0.651430889411447,0.5820710844587156,0.5099616948359346,0.2345467655855398,0.6896569960977926,-0.15570331604658272,-0.27673737368063134,-0.2568814028585682,0.642888612660495,-0.2541592908719873,0.9585667466417246,0.025757899031395946,0.06563091905681513,-0.6397853625301451,1.4537253727075994,1.3540743413896978,1.0726484964818859,0.44039419572884136,0.06522919035908974,1.4498400756648009,0.3474696187367485,1
1,0.06943108948082886,0.08202035214403267,-1.0951456306290122,0.2535481339658656,0.3314041196746398,0.2374382155007907,0.18128664514747334,0.4668003134929969,0.2709895853359965,0.5137229927876522,-0.12175014822147007,-0.2992550466337087,-0.21661587928427295,0.919909563568427,0.4542883394939539,0.46447088712413914,0.3588866753369039,-0.027612511570933865,0.5858486586399061,0.4053442542834432,-0.1543975855027787,-0.15259487482726686,-0.12192038794627613,1.2899045592890341,0.9544626488091047,0.7539719988283043,0.013054585063324638,0.6148560701288839,0.9253265857606543,1.1027181137878725,1
2,0.2290635658472887,-0.31444741883602473,-0.45756980390790697,0.517648579376058,0.4961249361986514,0.7803108115334055,0.8311967809604826,0.19427826770920437,1.1061063820129506,0.5460828624155681,0.9897191231933756,0.8211124950450186,0.35641696814046625,1.1425910562536543,0.008331830023843658,0.1523900162748591,0.2821298696533701,0.21592004639998685,0.17021114276795762,0.8912412597315106,-0.12370474057533513,-0.09687599082702145,-0.35407734177560324,0.4384027626931773,0.5134492962895196,0.32670614356839867,-0.24611525775846746,-0.016397005705418816,0.346475788616613,0.42406898489514816,1
3,0.8372635688646926,0.6794930300815224,0.13034661777208442,0.6777741362236334,0.5629417714401526,0.8165966984735904,1.3328285519407541,-0.034653996256764685,1.172618636035878,0.15244600764960445,0.8695698217360767,0.7497050736986055,0.39939805507405657,0.7652801512197115,-0.2766171800621898,-0.21404654388229077,-0.09067423959050491,0.46398054129098537,-0.202791230840721,0.9994595129365926,-0.8935610894955826,-0.5265015380186469,-0.5453654257762875,-0.9477046226591943,-0.3088762179784044,-0.4135891922956079,-0.6852454112997827,0.5878326728461907,-0.3191183460317337,-1.8291944846282997,1
4,0.7062916222491484,0.4631416513964115,0.39150449584688995,0.37236826914783866,0.20855000099158272,0.7372374699232336,1.115093369800783,-0.06769830544107865,1.028891902410745,0.22599246881083976,0.46641400570852165,0.460512772346806,-0.16020924157162636,0.47964850128553194,0.11537970583129495,-0.14502426532055776,-0.19970046894192103,0.3734517936369984,-0.14202935198992256,0.0460394113702365,-0.307271888229314,-0.2844194628511498,0.3026700719959399,0.9887184941554453,0.5149418982555377,0.297278054230773,-0.3865101112335947,1.0135620630921491,0.3118525715461079,1.3535515161163139,1
5,0.3900541580996891,0.8628932474288064,0.08641780562828932,0.46060978146834514,0.3486417972588497,0.3510358139837676,0.45857462030068175,0.004775829592163841,0.4209285721905869,0.021127397692664276,-1.3979211546683232,-1.2931450191796963,-0.7231932273355669,-0.39410246146546174,0.1354444574529877,0.5932038732773032,1.2430834710307894,-0.28774516230833563,0.7835521170589528,-0.22792104485970835,-0.3977003767374716,-0.17660885891271996,0.013120759479290858,-0.031084423994030365,-0.006800433025361225,-0.1969752259096128,-0.660822660478849,-0.05722994393419123,-0.16863540329714152,0.09314586598070256,1
6,0.8392420226368956,0.1584939568906547,-0.7545740058014435,0.5793994507688143,0.6078689692931034,1.326488461720709,2.07147649029814,-0.2957988108991416,2.2489503530942034,-0.0970605378661639,0.35917786574813604,-0.01464996590516733,0.31221677828057787,0.6059504253153214,-0.2888448632403979,-0.3185661590650335,-0.3413202072760599,0.20536483766717956,-0.28641063730858385,0.8426458592636062,-0.7532311988107332,-0.4400189907376417,-0.20252818423282815,-0.957681435293225,-0.5074009381972434,-0.5427257336334192,-0.7794632222290081,0.23010276802891644,-0.3914042062805545,-1.4298034252717162,1
7,0.42532511986446625,0.09315618867697374,0.02996084961800618,0.28906317085993805,0.18292937882154175,0.7076893145249616,0.8626769821136395,-0.13239049647820958,0.9770148536352429,0.1593362093200745,1.285980720144416,1.0151951683994827,0.3355421435926451,1.153021323404878,0.03641298785677738,0.4302693279291625,0.7906978175973292,-0.2873364718202286,0.5359012491738981,0.6071477198856152,-0.1446954092011462,-0.16190099917408618,0.06607589713279083,0.8633689072239222,0.5632840128832501,0.7744897376343668,0.03612321389466191,-0.12519503561280607,0.9567093696003781,0.6034112305144081,1
8,0.6123214403445643,-0.349383929970593,0.07711347900097848,0.5130223648338162,0.40363097720680907,1.0455438211585133,1.4433985731910435,-0.14488069791183802,1.6231767731648075,0.16180646512878488,0.9381195688796585,0.42624491810124204,0.3693881819850499,0.8396505505576132,-0.19834777010260357,0.054806746770722184,0.16059605105880512,-0.033590028003088995,0.058741783850448565,0.8090283318047881,-0.9602476755430863,-0.5477133926189409,-0.870412506753091,-0.7994712332480881,-0.0276073619680119,-0.15160334676350326,-0.5533628116510978,0.18696176075994186,-0.13247602001293216,-1.5987779122475732,1
9,-0.3908524961528245,-0.3352136133251148,0.14453256088485703,-0.512419507398281,-0.653405441846108,-0.41883816743538416,-0.3648788350684559,-0.08273012352690079,-0.33816619191909625,-0.12815913777245264,-1.6852217563402467,-1.043085093910625,-1.3496548530734378,-0.1949936039259028,0.9054635833569156,1.2621235168984792,2.596610260519902,-0.135390041108275,2.0577026459123346,-0.3168440870805863,-0.48763741936697125,-0.28059641534578345,0.0698707531358105,-0.29543335836617424,-0.21579646337656017,-0.39112151873541223,-0.7516298979529552,0.14256555917939076,-0.30521237324859407,0.243535903281473,1
10,0.413719349689636,0.010279595576885575,-0.38604350990574654,0.2951886813764931,0.25746997408786326,0.6350601366717176,0.770166256940016,-0.018081590441887327,0.8532772447539262,0.28070257730317577,0.7165957571149152,0.6185086833023522,-0.8633777270666482,0.968563760092395,1.1491057893644276,0.31765711772964694,0.3111424605498805,1.0570419983289059,0.3790929938169617,-0.11362558433692115,-0.37210445411662724,-0.29007518273457317,-0.2055852229889516,0.48800694122891275,0.46361891019330403,0.3011467231531821,-0.4134306390566352,0.5924936959455724,0.3163656090529572,0.9643746464945291,1
11,-0.37218146974677874,-0.47264028001824193,-3.175660753380537,-0.06512059447140277,0.34789974375387084,0.10928708668405773,-0.05044846886403885,0.4253980388020692,0.11760406966337603,-0.11801631808253728,0.13180647397651477,0.5549690973596053,-0.6194286560424427,0.07352916874853122,0.3274426091961031,0.18137429400366104,0.0348494576373266,0.9305230086942192,0.20501705536522793,-0.7915740852248792,0.24591355159512235,0.3272448991572246,-0.15257333016261343,1.8872215414534046,1.3721053769303935,0.9506359022535812,0.6240725471861445,0.8961112684970554,1.2396529068685553,0.9617596046331933,1
12,0.8131429949278964,0.30617669614360876,-0.5678679496511023,0.515258383996407,0.5117937544339076,1.250370699803781,1.9252483467552302,-0.27193476948869566,2.0714736200843196,-0.08054191970956978,0.637614289081044,0.23465325594469108,0.3427755560538881,0.8061418093884708,-0.19242434317731746,-0.037270088026463206,-0.06108924527533222,0.1669293866751994,-0.038358378888298565,0.8565435552736554,-0.7016214403237037,-0.42131544043647834,-0.38470448619863923,0.01107051584401419,0.24406784551892804,-0.17832737855144326,-0.6756835402611765,1.7027506776811774,-0.15396839158289433,0.7331528004356238,1
13,-0.201224427029424,-0.12598502993571073,-0.13805624466662098,0.20878528408602962,0.12862669254264286,-0.050385083325676226,-0.13184206657921016,1.34294527731132,-0.050126137451535636,0.9479402456229921,-1.5435262713378932,-0.9870467417452142,-1.1685584519805376,0.5874334370507633,1.219031765051332,1.2420106229026056,2.3987603933711346,-0.0936003111217044,2.0133546876053674,-0.2796841586709752,-0.5301707443887806,-0.2497580507287366,-0.28144106492901716,-0.518759809415348,-0.16895561166071313,-0.3383110137400496,-0.7410289222432853,0.13428804509722184,-0.2709746512213671,-1.0246627162809785,1
14,0.2430402093830474,0.2045851230104484,0.0,0.05476400400927139,-0.051141425198198615,0.2848392683211821,0.3089605912451483,-0.03370006920698819,0.3319583565520755,0.18064417689861922,1.2456462854184873,0.7962117829718841,-0.8296283123811669,1.3794081967497023,1.3767120180646255,0.9830975218048769,1.5257238075302433,-0.027870469543019697,1.4758864443603572,0.2536998574926283,-0.6260090822348019,-0.379250297570821,0.1534298171001401,-0.11513810164475165,-0.14166726815280856,-0.4118612869523557,-0.7661988942299292,2.443091800889206,-0.3180628758377832,1.599096012661016,1
15,1.0116913459062458,1.7246667950348982,-0.6643587502439765,0.6187661273773943,0.6332136757345673,0.7774568940275706,1.4607249381486005,-0.10451139269815349,1.1009319677317848,0.0,-0.14359591078509087,-0.20918854136777548,-0.08324540410503031,0.5500523908502469,0.08133186894845973,0.04460571088824161,-0.07720620797980471,-0.03683128149257413,0.04759781800267252,0.37763683431765943,-0.47333302914970515,-0.28657252087940005,-0.2523230916123124,0.3041808314266419,0.36651894630066395,-0.12512143430852685,-0.6533431215397166,1.411538599440502,-0.11062845372306143,0.897601429300476,1
16,0.6786696177805022,0.07753214432392469,-0.15107197653995832,0.7015191451306602,0.6333605796986549,0.9618015788535812,1.3811523930603857,-0.039984972505267495,1.4521887054849936,0.20642022399960533,0.7484592796813546,0.47551053978803975,0.3714892328756084,0.7815428400090214,-0.23759429753922215,-0.22655281026895188,-0.15840380222461756,0.3253645045021602,-0.21332906664220366,0.9434004482744234,-0.8412750340359395,-0.4452198625933465,-0.6402032866196262,-0.6750474189760235,-0.07299747386146724,-0.2336932743453046,-0.6512120574631167,0.7093462632224947,-0.19672166379966313,-1.9802060130816723,1
17,0.9024787107635596,0.38879923968568153,-0.37863217217479406,0.7234611212345704,0.6930987138818464,1.3468557468445945,2.166531221094623,-0.2496262367772796,2.2974387308005366,-0.03305042283304668,0.40686455661648724,0.0069842314459208675,0.3416458814276101,0.3425130482878834,-0.48720001776183985,-0.39964503399494095,-0.3789487858057189,-0.005885610598626451,-0.34431477997322296,0.7781935250571819,-0.9199326081688307,-0.4198861552010908,-0.8669685009078673,-0.5362289199238083,0.14696499454758233,0.05650375534874639,-0.48720660240716857,0.07535716300976023,0.05396419368274927,-1.7602445284775483,1
18,-0.10555838572640988,-0.2481452033791961,0.16537838272265298,0.3574768619730044,0.2304820145936678,0.09591595151306428,0.0,1.530806467380766,0.1025628212994858,1.3350989943183842,1.2434020904586998,0.9605621225636305,0.4111265240617513,1.1237269984281062,-0.05985667738015876,0.24644064321088516,0.5529133548937921,-0.014291882446260505,0.28598343190778974,0.8108908358196717,0.05171711003037988,-0.02508138294891864,-0.5172716249587805,0.6193546720813652,0.7260902201435175,0.733382555619177,0.1970460688821308,-0.3163499453451257,0.8941644573275676,0.26910070925328083,1
19,0.7236738144517311,-0.01664494701568346,-0.10615077939984516,0.5329563551399992,0.45404918271818834,1.266449764613926,1.8692458921726092,-0.14803422749145503,2.108472505706026,0.17950156934636427,0.33858986111789185,0.10090475406518332,0.35400240427339663,0.14502384856711856,-0.625939018947901,-0.5374124479288857,-0.4611687478123578,-0.04202689518073621,-0.4287557068379702,0.7015872214027488,-0.771943972522934,-0.3803359567485819,-1.6615922402385441,0.37050704350846997,1.1995496212206576,0.7193193440687907,-0.1532549228613434,0.6708057918448292,0.8730699810545868,-0.9087934422782933,1
20,0.7107264636554598,0.31513429338023513,-0.19333151679516472,0.5704609135602675,0.5066163301529589,1.1430797307522182,1.6682160288965806,-0.18432770818262573,1.8313254618222592,0.06465828027201512,0.7506355055157351,0.24559490519818436,0.2164925298999618,1.04921611867191,0.09233266977781543,0.14749584974636107,0.15083807605932026,-0.016055832099824606,0.16441066738846777,0.779948408394334,-0.8389147235671846,-0.4227795862989859,-0.7936821196942124,-0.600815540943209,0.06265319387195618,0.03237995841612897,-0.540725564445627,0.20098793910051035,0.030619775491663948,-1.4892720853870536,1
21,0.4914172653534072,0.1712528874691695,-0.4843010998697801,0.5234149606809422,0.5063950324467179,0.8922844310093673,1.140707653901932,-0.06549849267365611,1.3156668259324262,0.18945904849895673,0.8103377093993275,0.451343031038524,0.03216437536936165,1.1602056635271472,0.35235054022828155,0.44080710775308574,0.4944727966512819,0.04070263832075611,0.5511750888606115,0.7402391258727187,-0.44254189356483364,-0.21426164387042748,-0.3601553027529357,0.45706461245771324,0.5293626849669197,0.23012872769929868,-0.4762705527175509,0.09430653199143563,0.23538001380720774,-0.014046476188863968,1
22,-0.29474074959247204,-0.3188697619946203,-0.33746253454793035,0.3050135019533341,0.25951627149216216,-0.15669897849770295,-0.21916792683712583,2.6577814209861113,-0.14741737823629653,1.8439838824878851,0.754234933014033,0.8394566775973052,-1.6776891319141911,0.53566387788902,1.7084998803117348,0.44676606751502346,0.47517549455310815,5.021462979982018,0.5598576998780341,-1.5502200844372902,0.1873743758229374,0.0008349947403314995,-0.9350024507711173,1.7419377061954615,1.712505232654401,1.264856388807155,0.816475634669728,-0.18953427609204526,1.8045221848698323,0.3917358291055111,1
23,0.6807146667209822,0.06533776821681837,-0.1462190417177385,0.7093433656060516,0.6405447502456086,1.0995477692279074,1.5780005807773794,0.03752657589236192,1.7372289649059827,0.37286423658719947,0.5386802496212976,0.4162526731551922,0.3248970932078196,0.24683092420720606,-0.5310850685666424,-0.39513456314156575,-0.34188929571365717,-0.045635498466825304,-0.34125331127244346,0.7453403641430957,-0.951595984364344,-0.5188006620136787,-1.9141500916716634,0.06322164479747759,1.1348394080292186,0.6715886635682543,-0.10023329890446617,0.6746411155009808,0.8026262613502197,-1.6120034839951822,1
24,0.21037981636718328,-0.24051430912365607,-0.0038433407666417204,0.2896004800636932,0.18902683634321266,0.47169456679276067,0.47099508749696106,0.1738610200356827,0.5945689949750163,0.530003946892949,0.8953965529634487,0.5533851903034743,0.25727491438387623,1.8547811313307583,0.5646719012053327,0.3395809429007236,0.42223836721814384,0.7629384939721117,0.4087012587624913,1.110528375040308,-0.4527068056220747,-0.37741762519076655,-0.44528287281540374,0.6998968731455718,0.7398108984995299,0.893927843627438,-0.032112219807080136,0.0,1.1459192998807834,0.5357048636860502,1
25,0.7627839786024373,0.04344246481949126,-0.16190790315660625,0.516789069195319,0.44671151638022755,1.2003305672650828,1.801140098578773,-0.22155439236863247,1.9580117238265096,0.044237199696671094,0.9198944500812929,0.5297816840453772,0.3466261121230235,1.0896249335635402,-0.015428338158642505,0.2515050970567864,0.340952632018382,-0.0890220105529946,0.2924497852141868,0.7487385943642959,-0.5144705393172555,-0.36650459247744405,-0.0083971828140126,0.0516581014128839,0.060717430479086475,-0.0921700655173275,-0.6467317505396567,0.7026411934041389,-0.08267924370507759,1.0818953109044642,1
26,-0.32520768294351243,-0.6325032814825716,-0.8462405528904426,0.20709211350733397,0.24315719297519764,0.13066139469353483,-0.02651829035957479,0.9057519081882851,0.14202598878294334,1.0613065849177614,1.2414863903077207,1.0540925434217214,0.41318440266951767,0.7185083940453705,-0.32062038286514516,0.04689102655710481,0.3589083665528101,-0.3408532382879612,0.05008600710744004,0.576884201044994,0.052493432742304384,0.07287362694849947,0.21126847767879203,1.4676830068309064,0.8872233850100528,0.7055780723083779,0.17755080285295266,0.27201371742556446,0.8526075239658489,0.6885191875048018,1
27,-0.5276923007037703,-0.6645558602915675,-0.6595746513138987,-0.38391026377002174,-0.3903192148278166,-0.27669705346996015,-0.3108003835438133,-0.15345100749358764,-0.24341391725234804,-0.28232596436264884,-1.4295583628996857,-0.7510445796952061,-1.7693572418452386,0.2876231684196032,1.6442525880347607,1.3919552907261707,2.5556932735467774,0.15909282021437535,2.352981880203953,-0.4188978533837141,-0.37085588989219914,-0.2434814799006744,-0.6933209503864358,0.9030328737437171,1.0148004331781915,0.17142581180936536,-0.484063454109523,1.2469994254947678,0.17141000736242454,0.4852638983239222,1
28,0.42682023831500543,0.4315595345932832,-0.2677202391677994,0.3023749624977992,0.24537581999432598,0.551507238921703,0.6860972783507876,-0.19883454764599115,0.7175685944816764,-0.10686819223138928,-1.066472679783692,-0.9721429746650054,-1.1404193774829061,-0.3887559372900488,0.5670497113239478,0.26342233391272807,0.5618080701860839,0.9238674127359082,0.3077594776024592,-0.6806037545610751,-0.481428305929676,-0.258679048263927,-0.08020019097315154,-0.40815799273185377,-0.20740382524412562,-0.4159480551497164,-0.7579816766855727,-0.008926225991361374,-0.3205554665965387,-0.377617195921094,1
29,0.30418764416763006,0.12286586655913855,-1.4007428546602434,0.3513781245206525,0.48136014274240546,0.6043925718150875,0.6662690757402595,0.07129387820946119,0.802641031874317,0.3079175688245089,0.49339564534703695,0.758249712142209,-0.09009951720041867,0.25319551921630706,-0.10111811947192091,-0.13802771334607053,-0.1872694802853172,-0.05335736050196383,-0.13562406502760913,0.0021715889797672863,-0.2300555668889352,-0.10624519629909081,-0.34574981314310144,0.08710226766299789,0.2732486467791549,0.3209244667281259,-0.3283441459923257,-0.4305450587539733,0.3396200768844596,-0.0030960577468245117,1
30,0.3935556264869823,0.6164040704039453,0.22551806231572172,0.07303067382791943,-0.06953079229475864,0.27423251945074506,0.390490571590738,-0.10750158817088189,0.3181170431651725,-0.005532800841972557,1.1943089463786105,0.30301506359253355,0.23799540831274144,1.779895085885749,0.5366582588905255,0.799664595329403,1.206362366729081,-0.11216660795303893,1.1326436092377696,0.7477928720807632,-0.9404872862379013,-0.534215694282921,-0.6702087041499888,-0.7258141953556214,-0.09024612055251897,-0.0920689021122268,-0.5416626949913796,0.0831811795055849,-0.0825921323258315,-1.4982636487753394,1
31,0.727107145749784,0.6621470946271524,-0.015665916115937543,0.23706603274047863,0.137381605751165,0.7766232426390989,1.181565349369552,-0.34986798681360587,1.0994220454096821,-0.2653037029163706,0.5859706012965938,0.3800813103935514,0.32454349169531305,1.2459268906664063,0.10700251385592935,-0.1785417948080578,-0.18858898173328653,2.468083416956796,-0.17208614856506005,1.6696095969758062,-1.0313486733176027,-0.5351419906063795,-0.842086526019916,-1.1326007531242412,-0.26681486815234273,-0.11155245436525127,-0.48528169669119053,-0.038512584362968005,-0.0992219487018223,-1.6944735582254724,1
32,0.8043635940193478,1.716890057668412,0.3561572328306021,0.3331446904277678,0.17434397012115396,0.5492753654478679,0.987856758497575,-0.1123063705062298,0.7140409468428542,-0.07846975010800371,-0.7824761449518641,-0.6768594458155932,-0.6949996736865893,-0.07870876888339828,0.30782620256112236,0.029549845784545746,0.14392122980724037,0.2331429766731188,0.031326193126478274,-0.39499938318748795,-0.47191387991904876,-0.24920692099758296,-0.3715218120464453,-0.28045522168799497,0.04122843740862651,-0.012981343246723504,-0.6046742388694144,-0.16990171940855409,-0.012045852153243372,-0.5878051997744655,1
33,0.532738900130302,0.2608994293454832,0.46308815305673756,0.549521545463929,0.37749807427690807,0.6607335018347915,0.8841179332605832,0.16174591069059635,0.8964033343763212,0.43077146853095755,0.17547208829798036,0.3902803562573067,-0.09563276419904,-0.04787081073997866,-0.28761059628947233,-0.3578417297699566,-0.38762513339860993,0.4622007943504512,-0.3152196746867573,-0.47341760138376765,-0.07386921153026182,-0.22687786665889814,-0.052949978015561616,1.4918628909848288,1.0512796824120427,1.2017585776042288,0.45452834767379274,0.5909622331099647,1.6849079891656347,1.338313784419924,1
34,0.7565909394544919,0.47504434101887877,-0.19140984639268216,0.4070357975328198,0.33960437624948187,1.0920083294327592,1.6333986400329163,-0.28311472338170274,1.721128005351862,-0.10081888299923807,0.7117497070626528,0.4251263130652089,0.3403630480134381,0.7309103469984523,-0.2379687973868438,-0.08359831294291363,-0.06903821538711367,0.018042001542719822,-0.08424761212622835,0.7630051879908477,-0.8650659557695825,-0.43242269659786414,-1.4323091610000722,-0.6005291973330359,0.4201905450442588,0.2053775668114576,-0.4413639818877788,0.5647572822959607,0.20808008952308676,-1.9002126386164897,1
35,-0.5184171630449933,-0.5395493914662618,-1.4403694197857593,0.2802317262165795,0.4152947780370089,0.022218255010076383,-0.12815916607319708,1.775005069819931,0.022924826080699363,1.0663889789184413,1.8028014523543074,1.5420534393170744,0.2769049382275878,1.6176665024029833,0.3931752415610272,0.9781848482527611,2.057789443509023,-0.36875519030349824,1.4662880260183102,0.5239903222319285,-0.5864810890173929,-0.3239331406648618,-0.4000232180911806,0.2678733285203879,0.42482136419465055,0.20206447888513027,-0.5109663421401734,0.1374534992289134,0.20446212348631626,0.09269366132661547,1
36,-0.4963405974838632,-0.7089439538154644,-1.249842967923453,-0.07170494143859227,0.02503583143359543,-0.21515601981990165,-0.2770022212155665,0.9726169224968004,-0.19601249352044492,0.6636245033209764,0.4464694626742873,0.7244283599509191,-1.7035637174210425,0.3261677239519055,1.6013327975398213,0.6845512283445169,0.6727155990013254,3.464866954028742,0.9331408496482662,-1.4399058849135502,0.16818704715937344,-0.1646666080239971,-0.6524108040747233,1.1117859441732585,1.1318744135131131,1.4368263066161024,0.9577298346942215,-0.41003086949749934,2.1463019398026124,0.45999174845418767,1
37,-0.591588536507432,-0.5666244819116713,-4.171108975888225,-0.1297463474772281,0.44539597227871475,0.5798577623087567,0.3772764898094506,-0.11355112741110523,0.7628199215301401,-0.8758237398320506,-0.43886086509573,-0.13753201889717498,-1.1666547600190393,-0.14182419761212128,0.7515916242824462,0.31402010404646435,0.2635785286321625,1.6161823468620515,0.37422419301659415,-0.9797332362306549,-0.023363428567208827,-0.10083848082112556,0.16627196037041414,1.2413208834750147,0.760629375679855,0.6619660896413437,0.0638514709770781,0.16696920337563353,0.7886401010094928,0.7407496682427528,1
38,-0.3693076987370461,-0.5506428863932924,0.30623969259038614,-0.07318946614370062,-0.23192939569910562,-0.20083127704269493,-0.25679160648740584,1.9546428553980917,-0.18442604582429176,1.7428396047151002,0.5031543424566113,0.7755363899092685,-0.9810489116339498,1.1848128964281397,1.407902051966356,0.7804291824646776,0.822564271211297,0.4898101366119324,1.0984535293729474,-0.31553072960748596,-0.013611632388694124,-0.09345301037143919,-0.3089879524320191,1.153813859487387,0.9678902923265683,0.8838078118438024,0.2410765391013678,0.15186109295750008,1.1294556998035625,0.7372164499484878,1
39,0.1435760957683892,0.13653278875701977,0.07107312388006783,-0.04191566455071395,-0.16142395172608243,0.19782378436948322,0.18181909186654838,-0.0689124872631383,0.22179009440250713,0.14246147613305485,1.604266030843614,1.0771978474188846,0.3292174047943374,1.4271352217179727,0.2178713429653495,0.7758181890935193,1.534641728496713,-0.38146462996514185,1.090308566074878,0.5487033304211449,-0.5000014588546365,-0.3077478548389014,-0.05233083101079408,-0.4273709999270037,-0.235880187487529,-0.1365754307682426,-0.6629627647226612,-0.39632594191620146,-0.1201451761590298,-0.01323354521183001,1
40,0.0002695780391758769,-0.4411522556413607,0.47915561226644665,0.5212131004638582,0.34598528335412604,0.4058279926588692,0.30807919727340327,1.2996194587475587,0.49794393131749853,1.4039991110131815,1.0904967206689327,0.855812751167177,0.31382237587662914,0.817355462113905,-0.15555246114996357,0.004242661084047973,0.21171232940545753,-0.1411757642657871,0.004448029267224744,0.7191739652236131,-0.2091710041186314,-0.12914032062715844,-0.7762866651565334,0.24777545482183513,0.621885239898562,0.7029537379054835,-0.0646698672086114,-0.3086410567390332,0.8487163271667914,-0.2973815224357023,1
41,0.42157252901385667,-0.23866068866253815,-0.18060260136263118,0.5689791585143914,0.5030152987859737,0.8804235813228842,1.0763426536872174,0.2119243727880278,1.2928648907319022,0.5228331924174766,-0.04698345860768171,0.14940897234240919,-0.5380160178873946,0.43945949701649245,0.47746407693382753,0.2489815107967035,0.10841786255764829,0.29982894212649286,0.2892246745755564,-0.20280224884324372,-0.3836991037615422,-0.25487094102577373,-0.9281840930381361,0.12256365773338912,0.6229274630543785,0.2734506838503603,-0.43357212729017575,0.14118244055413828,0.2843140563157265,-0.035474320508079075,1
42,-0.13564821443171288,-0.2790733779707428,-0.26485781071684766,0.199853209354016,0.14033192774763098,0.22305573196033637,0.09367398945577267,0.9220333526021042,0.2529424902852684,1.0661048589044002,-1.074886179888579,-0.17011256551315335,-1.4058764665963126,0.4586226957793383,1.3803673474279219,1.3166583696912526,2.09609597994815,0.06332306651302734,2.179832715195247,-0.3548686867352247,-0.5528838945198754,-0.32491587801607763,-0.1927559786584141,0.06633051795060046,0.17371346085655456,-0.23073372714278645,-0.7054849313617152,1.4691728378460187,-0.1944968494724867,0.6555173042669316,1
43,-1.2983758765881912,-1.377122371862321,-5.210629418740952,-0.42430632169707777,0.3155902809829319,0.20509502893794446,0.18951343282097277,0.015864746816093813,0.2307010229221929,-1.5839163259599416,-1.096618830668534,-0.49732803798028014,-1.189637830926812,-0.15576978376497413,0.7662772923971134,0.8404019484380202,1.318589760667055,0.5056527366447368,1.2061827061562358,-0.6413536586041256,0.006618766607909135,-0.2383519893031774,-0.5353275029153576,2.0277365725495207,1.6804893539347194,1.6994091151314006,1.0391960025777822,0.22678092768797758,2.7127036494730694,1.0021851157262598,1
44,-0.3371033596988209,-0.5358045136314188,-0.26263211477597975,0.4374168531576288,0.3822856378173502,0.09888228823988995,-0.0532255164998439,2.324855281269917,0.10588396271273315,1.9022796442461014,0.3867884977569772,1.0238620074012115,-1.2940684887949576,0.9902060272426624,1.6049311608084695,0.7376413185096916,0.7331649108396797,1.2183838838776349,1.0236277989317741,-0.6483498702403317,-0.09254742482617194,0.10784878462849119,0.05622113867841041,0.33096579581641533,0.211831107867551,0.13863082308317495,-0.32202235274683183,-0.04136262599912108,0.1368436337549381,0.23503170363619108,1
45,-0.6378343169510218,-0.6927036042308833,-5.737190059364123,-0.19993814476869606,0.630891462570865,0.34281086090828955,0.13673466920832936,0.5148877514525224,0.4096313758686465,-1.5571622945430177,-1.3495750134148896,-0.6292341315797554,-1.3552343560679998,-0.09524250238281394,0.9748610394718302,1.3651864674360878,2.425803597910899,0.12659269767443865,2.2908246003177366,-0.5093080826028511,-0.27744341681344753,-0.17673834121141382,0.07936950179445786,-0.24497660808929905,-0.1872811258734377,-0.07408578780688807,-0.556446784115581,-0.49723847187433307,-0.06698002231967166,-0.0008188663593993744,1
46,-0.4595122734989912,-0.5518425645777659,-2.5462419869486963,-0.09480647161139351,0.21429244075469486,0.07669824610463624,-0.0847683660893569,0.13078806258577347,0.0812633943397363,-0.5587186062719426,-0.8393609292871002,-0.5151458181483187,-0.9198049230454924,0.24305943493361937,0.7439254545809908,0.7859382837811024,1.056921067073582,-0.06679411691945616,1.1082107242337065,-0.27760326978418215,-0.18845882817242507,-0.08373685877813543,0.07984160158421805,0.600634692211051,0.37942259101589715,0.03292277318592947,-0.45127086298310903,0.7151991369058975,0.031140057551782622,0.8301824215052381,1
47,0.6753937973001923,0.23317039660099065,-0.26210437250190627,0.4955219608652067,0.44146723192842646,1.0959548536744161,1.5682318846658085,-0.1647056379607696,1.7295488476297016,0.12244050760805683,0.7684276924211227,0.27517213828439535,0.28184816411251506,1.4451464799025382,0.27798225816298866,0.24706541258972087,0.25879613222027703,0.7229842799850219,0.28677986142724093,1.120902761719513,-0.8697225869504759,-0.4166457779657699,-1.190114284378753,0.35422636647361055,0.9248170336440967,0.5470590163498741,-0.23339986280720584,0.3655898141130836,0.6272104423439819,-1.1227154851981243,1
48,0.43529009461302,-0.0560273244387189,0.055527670680763606,0.3333256399557327,0.2238807516844392,0.7712358732197294,0.9465778074718418,-0.06743081047494746,1.0896814108376849,0.1874646409204309,0.6753047310313552,-0.14377834699593597,-0.7971236983173913,1.7598790877027404,1.5862082789731335,1.2414966352255528,1.6268910660883147,-0.037735318517731646,2.0122262745179844,0.47318298526101854,-0.8098006982910596,-0.3971072329234984,-0.5028171194089693,-0.5938098119356466,-0.09540382534179492,-0.1250181827322893,-0.622226030760749,-0.13310156219910765,-0.11054219988976158,-1.1825863948447801,1
49,0.4253071656675633,0.39985039307557363,0.005598657721600529,0.21243935662555508,0.10877111049732105,0.488535318560451,0.6182740372269635,-0.16906647376941683,0.6199827572848186,-0.030581192961778504,-1.2653968203970605,-1.036110262510944,-0.8867257064784002,-0.26017822840817717,0.3887593084171512,0.5546691190069962,1.0674670003411109,-0.02184379296393679,0.7227638132927043,-0.3639433796634056,-0.41882867157272524,-0.22359266865177052,0.14576787142107203,-0.2182454674994371,-0.20651172858605965,-0.3061207506588672,-0.7071666155658077,-0.06904570333129069,-0.24903738669210151,0.18878329264815277,1
50,0.5588540184675167,1.0461005753817783,-0.0010956388536881166,0.30787545873668754,0.2072165647596726,0.4372615959207494,0.6623646998141791,-0.279708523760702,0.5435057514840552,-0.3701690955353084,-0.5482451995749824,-0.8383756727380349,-0.37958609089724205,1.3177058371055945,0.8754561249668227,0.6589076543807689,0.7271711736157903,0.29151468770968875,0.8903679187594442,0.6791301928406949,-0.48035294413716007,-0.22553490295730458,-0.267293553200495,-0.5798564837583488,-0.21783616016855215,-0.31643293961183444,-0.7261717916448638,-0.10557631268580152,-0.25615306882311445,-0.8619757718770298,1
51,0.6210755180449284,0.26363281371340314,-0.03826705483204224,0.3446552957020004,0.25083481016817344,0.9006587761712933,1.2510445249870796,-0.2511127090424208,1.3318523371447146,-0.02898177669385731,1.1817553273280264,0.5860550372210386,0.34308701320309254,1.2126908470331292,0.06675696858224671,0.5308338684116916,0.8324161021588208,-0.22760560572131625,0.6858516337691815,0.6815283542281948,-0.8654799466022505,-0.4669114656761777,-0.8826999974587642,-0.9479586718364719,-0.12029014795001322,-0.2344071561530811,-0.6400389016287701,0.8333404826029638,-0.19725729485868523,-2.1326519384617324,1
52,0.9341538262982318,0.5611577129737395,-0.12394487386294444,0.5683504512343969,0.4930729115212107,1.343498478826874,2.1930444490817744,-0.284618037313908,2.2894170295547913,-0.06887718140364064,0.5728194230556828,0.2711395201426375,0.3504221888966064,0.39123996400017447,-0.46510452770991184,-0.2144255401818391,-0.21829994813916043,-0.32055064155929913,-0.20311270118681732,0.5849053820147075,-0.8941542220181065,-0.402479087784546,-1.3115780514335718,-0.9027400711146426,0.15000793946547603,0.190636522983951,-0.4341174668883277,0.33414603699235707,0.19204828839990373,-2.006429985538195,1
53,0.5633035411172889,-0.03773576036574425,-0.31779839663019277,0.6862621460209194,0.6451684593919091,1.1801409667680496,1.603182339429554,0.03523995767995246,1.9129548959772187,0.41186587551401593,0.5083718754873475,0.11313890912891314,-0.1945373705098022,1.0734035626027694,0.5296050028803421,0.3375884560178807,0.25894301361144517,0.1387846682596804,0.40599201985834205,0.5545129925116303,-0.45492982355118394,-0.3023145788813571,-0.643894951363268,0.9664590497098106,1.0296701552038179,0.359167947383628,-0.40578005577666326,1.9483120241801706,0.38545239410956295,1.3516547431463217,1
54,-0.20479220680230847,0.6561769313353243,-2.6652937716838796,-0.38604380634279367,-0.06323087090388031,-0.03742532262732522,-0.12408490685600618,-0.08617778263999512,-0.037479762023757246,-1.3795557376679737,-1.1831053890581007,-1.5838225272638788,-0.42648865989088314,0.0671397830975111,0.12535300562896992,0.08096876394788155,0.47695055190096725,-0.18712900007012068,0.08776220222833059,0.0,0.4126790322752992,0.5001137120344322,-1.2389727316735393,1.4184146900578358,1.6656759291771923,1.3935974377182028,1.3008517065270961,-0.048083680718372816,2.0582151044572687,-0.26584468153538116,1
55,0.6424182123518978,1.521220190288485,0.4133254937367114,0.046210446165231456,-0.12771890107926784,-0.07687501529499728,0.30516944548575137,0.3559645863063767,-0.0754437976236875,0.20552521336725324,-0.708037825430179,-0.9485253683077289,-0.6208276434546234,-0.29336799612207115,0.09468727154675101,-0.08793189255982634,0.00474927601326564,1.5894774989765525,-0.08843855722264657,-0.9428873571969855,-0.19184295270269608,0.0,0.06790238114671077,-0.16477457455584824,-0.1270905810814527,-0.09071643914236807,-0.5089308565600831,-0.23688332386728475,-0.08142676489758992,-0.309280986558698,1
56,0.49445567022422043,0.792789698706789,-0.20879092508138744,0.22260299582639775,0.1543330087708971,0.2155153173168712,0.40904284164012994,0.08046687543308229,0.2435649106204208,0.22797384239155283,-0.7074541684974801,-0.19380537212621635,-0.9755341669925024,-0.2477266941822998,0.4878498540335804,0.48013958259503187,0.5736812308629999,0.497968000861606,0.6090924772364836,-0.5831961188562598,0.008075887066085077,-0.1945620759780357,-0.3801511749657026,0.7092773161515655,0.7096557198496355,1.13729463405033,0.47808405081898,-0.4578476124630187,1.5659134219207695,0.40969793386626685,1
57,0.624243868674548,0.4249777706607683,-0.9768739871033308,0.38975696451421554,0.45092370603039433,0.7430897735595047,1.053339212561877,-0.08462247678208959,1.0392720742603636,0.19870199339806643,-1.2277237619652528,-0.34339764530025874,-1.0107966673370903,-0.05123573287664054,0.6494597180942042,1.1859639378968987,1.9877887306351194,-0.16335417652506218,1.8917492272297975,-0.3439919507885909,-0.9634686150561381,-0.6738374399743946,-0.6491938188002124,-0.4125112762279283,0.108059184327017,-0.013804911226965887,-0.49249754986860117,-0.14844100161580281,-0.012805632997974383,-0.04537272921410916,1
58,0.7534484512102485,0.9318865056996285,-0.43253072515754426,0.35838530243013084,0.3295631112537934,0.7243243144315593,1.1411369309159785,-0.18984385904026294,1.006111262458965,-0.052370050355833156,-1.1493346142837402,-0.5487321692769255,-0.9691539209784652,-0.08231168162190859,0.5868865982640078,1.069139832107228,1.721564730106241,-0.26095799788874385,1.6476171524366323,-0.2556164857381932,-0.7943406810136833,-0.5245609637547298,-0.06939865329607123,-0.038955642548970014,0.03409599424449473,-0.26470969000784067,-0.6816293435373265,1.387323216645894,-0.21962669786829614,0.8168619827919771,1
59,0.8342205288229396,1.111753553125458,-0.38555018567737726,0.2829552011484699,0.244910624000052,0.7372523756984809,1.2315600149943653,-0.2715101469404351,1.0289182963624224,-0.20320743157828813,-1.2767744735415703,-0.777139097138654,-0.8956582565232897,-0.005285373729554629,0.5606251932459667,1.0959130683902554,1.8773263281182542,-0.31438956741947255,1.702450870959648,-0.20715937284037042,-0.7276714233689524,-0.5263488153382456,-0.16452544964153906,0.07528252210920791,0.16391916287519773,0.07078985353037696,-0.560950784940854,0.5302729187723542,0.06800290654894381,0.7411664888352809,1
60,-0.21209101913446535,-0.3393348607538933,0.2512569732812812,0.47947376921903795,0.34082292605850395,-0.007927862495034054,-0.10575884625873694,3.432318598142976,-0.008058378702627626,2.502773358235338,0.4583302477953503,0.8902028059426063,-0.8196904650556897,0.20221099846557627,0.6151059517643181,0.09642532009137104,0.0,2.8158698331074876,0.10520511180423278,-1.3732195766440278,0.21086692580155603,0.6599014939018548,0.15739235875100288,0.09946025314176671,0.0,0.2067020066989462,0.06716276993608442,-0.49504814320526147,0.20952880467537965,-1.0977510029755104,1
61,0.6252549139753236,0.46965284605772456,0.28531356217982484,0.5239430378106065,0.380591533436084,0.6751852584721918,0.9731845278004863,0.0,0.9209744219915701,0.27925311327569996,-0.8001912230258292,0.31070429818579715,-0.9377738420430882,-0.14786320822728777,0.5128400695977499,0.9695175778405011,1.3116010486284224,-0.08250580431329739,1.4494083012784258,-0.4186076259714623,-0.6045779074446626,-0.4378758929074203,-0.48600985466886515,0.6398723725158046,0.7223543846007707,0.4480147462239672,-0.36758155207661924,1.4106750893122815,0.49633646093392797,1.4744844730490922,1
62,-0.332200914223265,-0.22663567889685005,0.533386872412506,-0.6597798139475157,-0.8675509785612228,-0.6643952010805276,-0.43527149631880846,0.101487748262966,-0.45341729650886037,0.2071961596262512,0.6235301056849442,0.9208563439023274,0.4984979644644604,-0.1580637483313297,-0.9676938512412017,-0.8157816207752588,-0.4803758207857883,-0.38252777310035724,-0.5457829372486579,0.161110884642175,0.5697211896261368,0.7642144160647188,0.6770838170868297,0.4884892040256477,-0.029957416046966494,0.6198820672302505,0.9530734109667206,-0.7498828596266114,0.7283213488158224,-0.16454884725898405,1
63,-0.26473006887776424,-0.27683868328448574,-0.737428116452403,-0.4693562905119985,-0.46469501416384773,-0.2663806249626886,-0.2736151312753643,-0.1272076259816259,-0.23573666050072417,-0.20784025745173668,1.3633078755429258,1.6582520621841785,0.13311349733245736,1.3979169213823064,0.40047957068709295,0.6456504561725598,1.1266778184531558,-0.15428629715397524,0.8684937864789858,0.5552484837681788,-0.10055083216702554,0.09966484007726817,-0.1470422826376584,0.02493772548617865,0.12038108979612701,0.34506735603419375,-0.2154873936092172,-0.4935149247911358,0.36842088936011375,-0.576559663648295,1
64,-0.46254275127837563,-0.2979577242779755,-0.23453557238725833,-0.6459417914221175,-0.7273716049608737,-0.6161984298735614,-0.43882459970586296,0.06840683695945499,-0.43563614356829494,-0.9574738491040072,1.1971863179978866,1.3478908655795703,0.3322261014420753,0.9902754410886145,-0.06406478957505277,-0.17143882041481903,0.1488767983003967,0.6621130664140784,-0.16580336757195022,0.9800911631277919,0.2400139691815477,0.26814121539478813,0.31410107579855595,0.19843393738790033,-0.021326596966740708,0.3492246376562292,0.1902373387009953,-0.717887409351956,0.373426159638454,-0.1511062040637506,1
65,-0.7684033154514736,-0.6778228898635391,-0.5186674506086989,-0.7726581576829481,-0.8099806200000532,-0.6723265190530707,-0.44463042652779283,0.10149147985501171,-0.45611688100713216,-1.4535395429583715,1.5777232423527887,0.7398961295658784,0.15116362141973186,1.545363646224734,0.47607051557428026,1.0572730772547245,1.9428778316661655,-0.35940758763439257,1.6235252283884054,0.5440173684822988,-0.25188273676638717,-0.15302316237374117,0.1848386347791289,-0.2568760131934085,-0.2542749909044983,-0.08017831274446131,-0.5441277884688308,-0.5711248397379244,-0.07229754531277502,0.12007352659258642,1
66,-0.40515150197051836,-0.5158945600550012,0.850674735751245,-0.14536524570457462,-0.3949259736132656,-0.3654835064952218,-0.34390205877246144,3.1757154774357335,-0.3050098778643703,2.601977142327638,-0.16599033647622144,0.014212863959832983,-0.6799099343832903,-0.3539845239122982,0.11663085176394086,-0.03929057372847609,-0.14544442963839593,3.1716383879706322,-0.04040113596366462,-1.621765313794395,0.37761223078942585,0.764553062022776,0.2302891932978695,-0.5247019766970514,-0.4592796824144347,-0.02746545723472526,0.2165554793665662,0.15380649693984716,-0.02533091700458217,-2.258906944222583,1
67,0.42747956836997986,0.5714137854361326,-0.08811575910347293,0.09072033605548963,0.0,0.3839525130883874,0.5149119822919206,-0.16920887576912302,0.46682959551061604,0.005841028413915784,-0.8538304072147688,0.1979272907012325,-0.723152110871841,0.4774421303235657,0.6917106836003935,1.1065165578798268,1.5687814976522028,-0.27181711934356045,1.7243510158822635,-0.22882231907322453,-0.5857738871346568,-0.3724425173457292,0.14674560793713695,-0.5281187228329717,-0.41482352940666617,-0.2938241494243857,-0.7292550598454156,-0.3489518829268014,-0.2404439030533323,0.049541893566872025,1
68,-0.03956393838341834,0.42044251654880044,0.13741377581622813,-0.3735241304611049,-0.5105610791637546,-0.2411625937818126,-0.19595250140295128,-0.19127904432683948,-0.21651402035761572,-0.29872944155933157,1.5487760653435763,1.694254224132457,0.3137637849209699,1.0478906433683395,-0.008341324473965595,0.36869597926595565,0.9553219193129867,-0.3604812460838194,0.44870878010615733,0.45390282992178294,-0.321312645049345,-0.1610726445379006,0.12635244951450247,-0.44020694247756514,-0.3444691447057187,-0.29132142654025406,-0.6635795156994533,-0.2308759719273102,-0.23868041861854708,0.1523613799312218,1
69,0.4083622124085462,0.8131607051142994,-0.0032410261834674467,0.19185819464449472,0.08922911183576933,0.03002307371263243,0.20380357054872855,0.643611698572188,0.031097073563282174,0.5619181164808511,-0.49955094612839607,-0.30631917847218987,-0.7364388934982676,-0.3392836483130577,0.18402921728211247,0.03036942796286978,0.006983325744067205,1.6094044310991986,0.032206558517492066,-0.9781741520250632,0.12540738005645177,0.10745203760139102,-0.3144648246375743,0.5178512606624647,0.5445528689678976,0.7506006853545694,0.2995693352449667,-0.5823058300230007,0.9202014464305902,-0.12304390310597761,1
70,0.6866138451839358,1.560348518247162,-0.3786665901783462,0.09381494224075107,0.050854209140978934,0.2792137981975468,0.6160733509521887,-0.16195829214413,0.32460312232057464,-0.306873684427176,-0.3278578694682955,-0.5544614950390309,0.04105478096167799,0.41568192580783164,-0.13200433359141436,-0.3099305378003312,-0.3050093814020039,0.22392426312927485,-0.27988490637425845,0.37222453507634157,-0.25301761720704474,-0.11456526324095738,-0.017103939319985623,0.045575991943417014,0.06151136777856232,0.0,-0.5093425672122621,-0.1699305298108726,0.0,0.22126577581504817,1
71,-0.20166287679952832,-0.4996165734451082,0.4857466550226837,0.2592360422709279,0.07768208099900355,-0.10126685003230271,-0.16480840685959938,3.0862473186487063,-0.09812473490487163,2.3502924514142776,0.3065261278039312,0.016388973751265627,-0.834920000266987,0.5006676958861623,0.8212412085782173,0.24384620869126428,0.11425169276160732,1.373916152473791,0.2826800207265541,-0.5556093700377567,0.17536887923446468,0.6450226511595422,-0.050963547655598254,-0.21406226781030732,-0.09362540593986526,0.07983274502711947,-0.0477706726970039,-0.39158833224977946,0.07697154271240071,-1.4974522715440763,1
72,0.591762128553584,0.3339527749945311,-0.2892429478595423,0.2513887414252845,0.19690220902320274,0.7632602193265049,1.0520082410024492,-0.20970738779240564,1.0753152554149314,0.0216740695116579,-1.244068559951723,-0.14021103089625472,-0.8603895886576406,-0.1474930006845241,0.43365814594532265,1.1631600770638784,1.9625785095612591,-0.3112064390260888,1.8431031654511796,-0.254587676346933,-0.8699244402002414,-0.6234937309116679,-0.4843304182335964,-0.4431629554338859,-0.00474197043172222,-0.03455254768667462,-0.5566290178470907,-0.2661027355571273,-0.03177164535915085,-0.03080518181303072,1
73,0.565311470776373,1.1125204062684075,-0.3057807861318075,0.2663724698344274,0.2149007739053879,0.4504565084032072,0.6806302230106263,0.016285468607248964,0.5629308963483728,0.15425677406870028,-1.0835230460317598,-1.3536060912364163,-0.7985442718472772,-0.15823563041855665,0.3633302423234395,0.5689790095766943,0.9320466903370126,0.12656582996177998,0.7451771889675748,-0.44881118669402204,-0.8274168890469222,-0.5238587713623937,-0.44421226440200895,-0.7523149693285001,-0.23447130990712656,-0.2709132241735676,-0.6707281774350028,-0.1609572204080248,-0.22411777420038054,-0.7345117288838859,1
74,0.2939869281554637,0.7575050456898091,-0.4823105935368326,-0.13248828668065013,-0.16296456030375897,0.0,0.11082105047350495,-0.07374729172521546,0.0,-0.09044302843201313,-0.1476416394933016,-0.4046718210259599,0.0,1.5110698668654,0.609317555847095,0.19370569724252729,0.06415887599001216,1.5791204867353508,0.2200609868769611,1.2194985502038298,0.014865149685235864,0.06066245130428217,0.5691200371814107,0.10472423833949324,-0.22685384327088076,0.11623146644433925,-0.2271087416354894,-0.5896838652196407,0.11371692198105317,0.2094614533389736,1
75,-1.1521948878480262,-1.664734635845946,-1.1688632028329025,-0.9111177787062655,-0.8444738671353048,-0.5440720680191028,-0.3095711071263273,-0.3805363811921781,-0.4046110660454031,-1.094227277529092,1.6375197570825097,0.6466336099064406,0.12233173482076533,1.7547837758519738,0.6393334536293834,1.3603224043510103,2.539586309030063,-0.40764697663278443,2.2796014162923965,0.4987309966386572,-0.40108959525211924,-0.22729287400362178,0.1031370121048495,-0.4160292113011771,-0.31526813417421445,-0.009149969136291656,-0.5834140141931923,-0.4556436846153133,-0.00850426558477644,0.01881169849535953,1
76,-0.5300926973228378,-0.43562903128646613,0.7787526351527465,-0.820402981926068,-1.071669375647415,-0.8381624576399761,-0.48507414074314503,0.015640181110226546,-0.497900427897463,-0.08993872663766496,0.11665008138177559,0.027133222101994373,0.4091292922225302,-0.39421980403447454,-1.0267150247305878,-0.9243502546115034,-0.5996745104914352,-0.28907133563554144,-0.5719903897957258,0.35077743836237635,0.6111137913492857,0.749299052653668,1.4175940975431696,-0.33125213952726806,-0.9939343197055086,-0.9848326967360741,0.41830814300575386,-0.058432807043637326,-0.5403115664772772,0.12381978384646769,1
77,-0.5206870085189408,-0.6172791298421713,-0.6369333581389596,-0.4852226094104583,-0.4973764452680916,-0.4422484706225872,-0.3847468592619431,0.8090500314510024,-0.3517997491635167,0.7648001535371354,0.2738337422805028,0.5739524828380699,0.016476391604687064,-0.12889502955552445,-0.4543843380875941,-0.4659913859146237,-0.4369611050399329,0.8124979807966386,-0.38717226322336074,-0.8143682599834319,0.381473016086356,0.7123816606773469,0.27549467277162903,0.2119911211416459,0.009365571986606815,0.11438420335605201,0.2905704126136067,-0.21775173082329832,0.11182715529865733,-1.2278477830131262,1
78,0.4354490527627614,0.20148948282382123,0.538308643280154,0.013909109816607283,-0.18118442290476733,0.37103406542945055,0.507919532092069,-0.22035175928475992,0.4486838886732573,0.033868014870206464,-0.956132354970282,-0.20007520034631296,-0.6491784675172666,-0.27606409870499615,0.13482837882050336,0.7009463667992974,1.0135952996031097,-0.24505176393996733,0.9608064532300922,-0.3073748103526831,-0.49169975389776716,-0.3139829249461979,0.06664602843886196,-0.5015684305781551,-0.3522020929665136,-0.027949815624683794,-0.6152544388563882,-0.3559257861747078,-0.02577234875899432,0.3409058440563875,1
79,-0.05717967719430809,-0.29908212853816796,0.3776742052203557,-0.2985630207388867,-0.47354127158861287,-0.11846135551869404,-0.13189215715742944,-0.15538158970923382,-0.11374935750707438,0.05487457707249263,-0.09626233285210907,-0.1934246704154618,0.06806006898064985,-0.1139892176283075,-0.4978094396991309,-0.5240384472710518,-0.4663371266203254,0.21319597168963184,-0.4213281263792479,-0.245631129412624,0.15900477474716015,0.7426572753323541,0.39234579368787553,-0.1752659441893819,-0.31566798979657945,0.14313102024727953,-0.038330389287517024,-0.888761048454455,0.14153720773735382,-0.8814302061071866,1
80,0.6749900073136772,1.6215838574828003,0.9081240768421522,-0.26884944712992237,-0.530313074971396,-0.18062832148389224,0.26919049722568406,-0.2831473183878591,-0.16773013457010444,-0.34676527261611145,-0.8681407234962092,-1.3923577656451287,-0.5861695550238025,-0.2855275291431696,0.06412281059372489,-0.17236692194472117,0.034668304789296125,0.8956110873722612,-0.16662695086577767,-0.5021210841847822,-0.37062171551795337,-0.15177648036670938,0.13325336017915423,-0.3870266988922484,-0.3126741248598707,-0.32529440430688505,-0.6967233104480652,0.10199358933697983,-0.2622014002900183,0.22633069596706454,1
81,0.44927342606652304,1.5174517893508972,1.071357072208967,-0.21335241299637545,-0.500501921990612,-0.43790420430670113,-0.028795445123069304,0.3073880499909528,-0.3493119034303339,0.005370460239253323,-0.6702140306097343,-1.511127300137144,-0.25651528792426537,0.0,-0.09194340099455658,0.03521519250935157,0.08783730206081297,-0.27575029289907915,0.03742440347643445,0.15430692373243898,-0.3023127107595791,-0.1641702592658984,0.20965353559751998,-0.5263489904446309,-0.44883724287722454,-0.17919811576234204,-0.6128656628804668,-0.6971325639755785,-0.15465929015922059,-0.2852157199853208,1
82,0.6219647812448095,1.858983707920992,0.36199108008347886,-0.26501257868461975,-0.4367446450386185,-0.17885480764531939,0.22630741353401213,-0.19255878308658528,-0.16624465531911442,-0.8478770599851074,-0.2440263712279144,-0.831565342036703,0.07609216871028479,0.8854670400484346,0.13190200549591283,0.0077710819074248445,-0.0907190725062734,1.1848697270531565,0.008159930493294847,1.2445413290160916,-0.48235316200597356,-0.2648792577838937,0.4459561953636173,-0.5941758149666927,-0.6265377119801279,-0.5726538032020478,-0.8002313953821437,-0.0936998635832612,-0.4062988634197048,0.3892625126929103,1
83,-0.8699609676204705,-0.9057005884868435,-1.3570033413022309,-0.9548180118127407,-0.858163248055457,-0.7258658878381118,-0.4392403329441191,2.119922806859926,-0.4726655695030326,-3.545742191657815,0.34684930235035133,-0.19325546964919715,0.08136741001061461,1.733774497388868,0.6679642294302246,0.29526200014769927,0.17523757655839678,1.8966087688889441,0.3493074271434781,1.528226107773347,0.41397129936095367,0.7506951372962346,0.34600779095547674,-0.3217941901929989,-0.3879841213287283,-0.2049854069636391,0.20752109140176098,0.3428966940759135,-0.17485227617431068,-2.3096610964255904,1
84,-0.6771319313943576,-0.8663276203668073,0.7271428776626921,-0.79301313264612,-1.0352588430113852,-0.759469603924062,-0.47112150715337764,0.9212944663105559,-0.48156233035170326,1.3659687632732123,0.20616821765665075,-0.1964044838238876,0.45411069474900545,0.07234086874170395,-0.7750722363369635,-0.5654995344542679,-0.49033994731106845,0.4351996081903061,-0.44381580934032044,1.1905071421102498,0.47218688562533884,0.7532748228649407,0.6117689549719022,-0.5205575302527474,-0.6699588595433094,-0.4029535059364053,0.24788092190514208,1.0173901170868849,-0.3125846888350705,-2.803331848231756,1
85,-0.3896748777722134,-0.3654643225201737,0.5619595302807386,-0.5234786622265334,-0.7332119806224552,-0.5989103265269928,-0.4266898021999202,1.1396280902523364,-0.42868205368915874,1.0099424861633501,0.8257999291218022,1.292731417334666,0.26488351450279884,0.07159880088562222,-0.5813450557806644,-0.5533578212582649,-0.304637705386786,0.17202868189234544,-0.43739507502149944,-0.24749699455474272,0.36597476065016477,0.6227251373680679,0.8070556974875381,-0.005233843656069155,-0.4337163478500115,-0.4759160758044122,0.034404415574673004,0.026542620950880357,-0.35563180857995136,-1.037892212169122,1
86,0.7406701991917485,1.7770527433354688,0.4323643716717014,-0.06413368101445459,-0.24339732442410694,0.1253218671834751,0.5340279736654985,-0.34128058581305526,0.13588157321141242,-0.4795712670906151,-1.0229960274441077,-1.8241158085687081,-0.4581884192544757,-0.16544310861092687,0.009427901356725325,-0.11757759777175651,0.18250852812005752,-0.02791725069784081,-0.11664247574982319,-0.03398964590036654,-0.6961477569297683,-0.43264016043757036,0.17333281738110953,-0.33938817216154304,-0.3031598700991537,-0.41627614872591717,-0.7585861812247741,1.3074693190244047,-0.32075501122662076,1.1857056183452157,1
87,0.5427858702022753,1.4539441184929482,-0.44688875828808644,0.3203886722651935,0.29316293735929944,0.02518750352742417,0.2959050791955515,1.0248158516841266,0.02602655303488204,0.7451684096485446,0.47020951636253083,1.1860221371353172,-0.3311992180094473,0.01932681741685702,-0.0029601310061315956,0.0,-0.082809181312276,0.7832866362969496,0.0,-0.7530238792679654,-0.15664505746289595,-0.046447620263134835,0.21808167580830357,0.37593680639425076,0.15141393006360782,0.19184870311319488,-0.3478385114259207,0.27303316014166656,0.19336020909853513,0.8841962413756043,1
88,0.3200054645926881,0.0734767615151672,0.4775379674023513,0.36256006646471767,0.18442196101507166,0.45485086299761573,0.5161384981949872,0.3369758861865964,0.5694394572685929,0.7254989530786221,0.09864907704589665,0.7515568820645385,-0.8445484462286774,0.06038845361296922,0.5500917260991902,0.4321320833651519,0.3063512092821667,0.7463623406755621,0.5385937183761027,-0.7298683420927629,0.004928191006812133,0.008776575001666148,0.016789206196898714,0.23217511293478438,0.16765788516877125,0.5257415939769519,0.0,-0.6330351892660729,0.598395587440084,-0.05817161151307468,1
89,0.5783685711601293,0.22473501222338602,-0.392496880881527,0.2959244812833518,0.25927990676913876,0.779038792576489,1.06099134761425,-0.19383182488124012,1.1037990711244745,0.03446519481372304,-0.8867645855216636,0.10360256621534249,-0.6368281121376054,-0.20707658329124345,0.1661882562794821,0.8056756534748343,1.1157770476270221,-0.29969140388839594,1.1433982034097996,-0.27036758136474787,-0.6525977879570988,-0.4757577619316399,-0.12742047826403632,-0.27629570457785774,-0.09257019121435728,0.18125984863802072,-0.5185247341378615,-0.4944772585584101,0.18193883392033447,0.11319949623262993,1
90,0.1203280321330972,0.20562484411816245,-1.0891511664988491,0.29736930784783944,0.37511841783885214,0.14444572303689698,0.1270430950657369,0.8370424552488086,0.15802231161974895,0.9319912472444615,0.4210534945821018,0.6502479261640258,-0.5999579583703462,0.06108589807732062,0.29951758079534047,-0.34420566516904255,-0.34401496308553214,6.561161085381102,-0.30537922884021795,-1.9868807225154843,0.29000459371750653,0.5993237040954046,0.05965740525630411,0.3614344735571902,0.23033706242119845,0.06621722749252325,0.11488124528844344,0.1619064300201187,0.06349212731564921,-1.2937096071391505,1
91,0.4927236091671008,0.48040290366373783,-1.0629418763557696,0.33832944816620414,0.41259588781809403,0.6590765785821852,0.8527433804020929,-0.050431404973823785,0.893599789624392,0.19890920373476606,-0.8470701425111591,0.30263436187864734,-0.8495996027845328,1.1502993062253948,1.2509676337197784,1.0786768934544588,1.5177976116397227,-0.15908982295630644,1.6670737633773085,-0.18897294498040057,-0.41680529726150634,-0.41575434223538554,-0.11315429648296321,0.6919546069073025,0.5486423672401735,0.7249823893195179,-0.1518187909498194,0.45025447164045246,0.8815458453432365,1.1065577765398575,1
92,-0.968222016718311,-1.232803436216431,-1.3143881484841466,0.2134161146036421,0.32646023507859057,-0.18177089421188025,-0.208349872167245,4.817927519079277,-0.16868544797092086,2.516118189896928,1.675080350062363,1.9013136559309738,-0.6488505637276356,1.3009737781064787,1.1411178661441312,1.018510694476286,1.9804258967668391,-0.2655406188050537,1.5457376445056539,0.22040181376178813,-0.2696302511341498,-0.04651070139515093,0.3744060057408347,-0.5592871122173271,-0.5631093467865298,-0.5974684909265336,-0.7242947172085445,-0.36137165319165443,-0.41811850511448173,-0.19577341438177798,1
93,0.685745147072619,1.9797136767050565,1.1078860191583457,-0.15384586974390727,-0.445800899884139,-0.49569804662768546,0.13245352958571285,1.673113901086855,-0.38083718169476194,0.8272857881550083,-1.12836506847969,-1.8439921980175589,-0.2707004650255926,-0.3508889938366381,-0.30135843233033566,-0.5701833403188612,-0.004426941013362049,1.7599969173989314,-0.4462562222681562,-0.6404532957312551,-0.6730230702690924,-0.3850919407336754,0.01692593451690738,-0.8370296053723671,-0.5493020569854834,-0.7800363562933453,-0.845695412798033,2.2529187531683386,-0.49030168247679573,-1.8581954195439803,1
94,-0.1747514447398781,0.06864511636165666,0.80274770195894,-0.6685650979305479,-0.9207311676106629,-0.6399986151134203,-0.39499653058547696,-0.34962897187949626,-0.44471213784184355,-0.4288061388883815,0.9626383193835245,1.4260663173253836,0.47648832573905686,0.10526950791613963,-0.7770196354577715,-0.7568325554807862,-0.3031035283956361,-0.13058809437508273,-0.5269846234432011,0.3686592362360585,0.3870723656085716,0.4289001143942955,0.5771921678242973,0.28670310923816983,-0.10935691073428919,0.47797219489843645,0.5080473902949649,-0.8345804248863252,0.535113523373342,-0.19800514443056313,1
95,0.1480390036141359,0.08335646436243545,0.05552193434045067,0.6434241927785928,0.5401876604895244,0.5400954877868034,0.5110504025297079,1.2054442210394398,0.6995847456456863,1.3615919954461972,0.3078516280897974,1.0807980636275312,-0.857292491671261,0.15861079618465646,0.6258662286123232,0.28936407961362065,0.16248652681402978,1.5816262902460776,0.34154037748844057,-1.0616333131731819,0.05492647502537355,-0.01268926410764911,-0.09770399616686479,0.7446181403429868,0.5753071093660433,0.8723583004062646,0.30710600368598434,-0.5606642577465558,1.1109256446144842,0.09214596317365094,1
96,0.5548405618528034,1.2427490037465752,0.2820553268987724,0.4732457821126644,0.32941432395821757,0.1383828898502303,0.3905923939574068,0.8126121836829644,0.15096274621411954,0.6339257102445419,-0.4533969287629588,-0.43626536319246667,-0.44252407751652956,0.34244528683709263,0.31753787969258146,0.22468353330603721,0.17428478212561946,-0.150326371544132,0.2584736792839451,0.08703709807105023,-0.3665702584986744,-0.2810346630795305,-0.5465108478540223,-0.1161779808766194,0.24928906522967223,0.13648231173226466,-0.5004175497765205,-0.30801985297132134,0.13460837448384647,0.04663680589834053,1
97,0.23592068375789463,-0.04698504402761257,0.5022959659372528,0.4835340549921587,0.30375320885580176,0.45189166521697877,0.4645912090442999,0.6780463361758579,0.5650543731565926,1.006932318722047,-0.38530245238561994,0.5928747679087386,-1.0449377162451399,0.19268145968943787,0.8401908999949746,0.9904307951874913,1.156535078332355,0.4191760377799999,1.490255795032474,-0.6782496055072026,-0.3193897784466455,-0.1827028265190226,-0.633591311474337,0.016696197959505617,0.3871050162537586,0.6474566110418722,-0.16887280246997916,-0.5675738962094015,0.7676876092803668,-0.45322755804808607,1
98,0.6080196000939042,1.3741396425278494,0.057053534368110344,-0.09552657696762797,-0.21380652747237047,0.153334221234735,0.4441715145513527,-0.25456447041216657,0.16843969966243666,-0.24565492409876596,-1.2631403220573685,-1.6049632223434447,-0.5940474678942924,-0.25386321482644525,0.09241917390723882,0.5843641552256282,1.1035528539219948,-0.2955813763096966,0.7694860833743349,-0.16135377660359673,-0.6680028170400527,-0.3889365686289219,0.06443257747371754,-0.7252501200597978,-0.50093828940731,-0.5186040211863412,-0.791755751714016,-0.35268111352712256,-0.3788904193600239,-0.5784278814641196,1
99,0.029792732879859063,0.22846107156744686,0.47941374712065465,0.20845108137572246,0.026920157743157015,-0.03167396178075747,-0.04274724300115492,2.2249535354552092,-0.03181272277474182,1.9526293199032272,0.9823329958610073,1.6200690903282045,-0.8245812674373487,0.3277378006635189,0.7002492797971922,0.39622902726886117,0.5363857974512466,1.5599998910244515,0.487264036096273,-0.9409023504416076,-0.10277932965003289,0.026716511825418315,0.134630962534478,0.2695892369449967,0.12680476365518453,0.03263399144841811,-0.3830638837060475,0.07538918586408176,0.030863234761848574,0.4721543642641125,1
100,-0.2894150936774143,-0.11513617530473894,0.8517015388469201,-0.7403162000109642,-1.0019549532544259,-0.7009121267424323,-0.435749519923854,-0.30809362091580306,-0.46531545366120713,-0.22985565807067732,0.971198643688481,1.2523864357974261,0.44927745536918046,0.17506519968955445,-0.704542841212285,-0.6420571702553077,-0.26061810034857175,-0.1211993758660561,-0.4811591264506843,0.6322094798151418,0.4069128199696185,0.5203527894369594,0.47409385241422575,0.3101337633946593,-0.03595813780059608,0.46039415873760525,0.5319874680348687,-0.8053705385215334,0.512275501574561,-0.3243811636588379,1
101,0.23258968578540798,0.12768810248256549,0.5419798942206361,0.0,-0.19597464213568783,0.12403172939970214,0.16798172133405734,0.16006378601934637,0.1344013100758683,0.4881669764797798,-0.018490599856496294,0.778911005111928,-0.6205737492996989,-0.12280478485284343,0.20329749735402136,0.35154471037146695,0.21704705966120308,0.83002214728742,0.42504596704065556,-0.8684942721181194,0.0870260642188291,0.0008781554932559705,0.11545546012112315,0.5739250813158483,0.3415864308960446,1.006358284373768,0.45473845185353157,-0.5773260622279366,1.3342023925924498,0.21909392736032857,1
102,0.4934087354304105,0.56472851982182,0.2135635514074879,0.5219590556028759,0.39034652400569647,0.5305977406613402,0.7102578113369312,0.26027369202126605,0.6847182320528242,0.4933250934304014,0.016897486682564886,0.7946466759255405,-0.6749163408766505,-0.07618507724777843,0.28882587444586644,0.45284813381464906,0.33233666519222554,0.4000164911446285,0.5687535665391941,-0.6376847917878739,0.0,-0.11388797126939369,-0.014415808885709498,0.7938433981406787,0.5617076868209214,0.7954674209208559,0.18647638528327956,-0.2311033407589441,0.9891353966555274,0.5531240709641592,1
103,-0.11272435768151058,0.3467258194040274,-0.09143135763436307,-0.505578507624212,-0.6076909893749217,-0.34492985876535126,-0.2719753833812347,-0.2292367720894102,-0.2914642621867849,-0.5618903486428537,1.2823721756327973,1.8050431227162453,0.2673607809512995,0.9505706816773086,-0.02283816015228325,0.09556510844214251,0.4355032806131537,-0.061048854996139636,0.104228543744135,0.5422068070979883,0.09601569998676268,0.2545804359046845,0.7078193122710309,0.4726175891266582,-0.057797185185312065,-0.16184470896220823,-0.2579666039490182,0.4538157297987482,-0.14077835312003803,0.5834717870752926,1
104,0.3754303872878198,1.1498515692096536,0.8266395147544725,-0.2381711172761938,-0.4856439009481338,-0.2685285154892947,-0.0014963603042000334,-0.043771541328101675,-0.2373439998729989,-0.15338998553817884,0.2551266708054808,-0.1477028646661853,0.06148554776992888,0.2087987096604609,-0.28502601982876247,0.007121310277871111,-0.11718181338125844,-0.46477662576588064,0.007475504925981432,0.21367142301178485,-0.31583259975214895,-0.1116054309493241,0.2922193844766566,-0.3232345196505992,-0.35885239978931205,-0.2672293988596992,-0.6524572691134087,-0.43907920599582606,-0.22145447509979369,-0.1516933551615194,1
105,0.07934212594014967,0.5033332235395912,0.47222612615988063,-0.43660165715455523,-0.6298650178769329,-0.3427407213313332,-0.19835417753272452,-0.3845415419469886,-0.2899962077184068,-0.523253801391135,0.6272063811896,0.6235753060923007,0.4100163797540269,0.0821017873355796,-0.7235885313135954,-0.6599890264149781,-0.4327949145781826,-0.2717883450635701,-0.48912205334191816,0.5625188678033682,-0.07030667936246265,0.3583804089944079,-0.3429791296909831,0.07603175181898345,0.2642757128001189,0.5505806853244253,-0.058768275976224804,-0.6518821457224988,0.6320048385559051,-1.0013791719373142,1
106,-0.6652729482056917,-0.8376764820430975,-1.3838608369042698,-0.390992221923696,-0.2786420420111637,-0.13188343029361288,-0.22832207152433523,-0.04665603769553632,-0.12573689168210453,-0.23032110820046314,1.5848190323892017,1.6191102860456965,0.05595846822369864,1.195084503170771,0.3501942651766778,0.6471397205518488,1.3358575484091713,-0.40136321296341815,0.8709429372076014,0.4245221683103684,-0.07562253120593652,0.02361225698994612,0.5447462787025826,0.09063312075966698,-0.22266329837220014,-0.13364823091153932,-0.4315565155762177,0.04377421339541567,-0.1177228103178739,0.6422689639263867,1
107,0.5932300129806162,0.31588703257591755,-0.1414808334718386,0.2701373277564421,0.19176904431873157,0.8227066050338444,1.1275290806293363,-0.24765257010201944,1.1839499294992153,-0.030713589418544348,-1.0980457516967332,-0.3997555989184525,-0.7579386882260536,-0.3257925580753955,0.21470550074552522,0.7912128857870677,1.2474138346863854,-0.2674892884030916,1.1175789110401027,-0.2808359513588099,-0.8758070130296728,-0.5824677663971488,-0.21728710361261463,-0.6100495826130905,-0.26606134967219014,-0.27175045289826244,-0.6483151385660508,-0.31748520123422846,-0.22472158903607234,0.0,1
108,0.8512688275520897,1.6009493924380496,0.4538125081309913,0.03955593511424216,-0.14115308338953875,0.25769322118375054,0.7467487067760407,-0.31451187362271277,0.2967624691583676,-0.31603668721683964,-0.9275359549714046,-0.9878927455369718,-0.5596412177780422,-0.22520022602022297,0.07540422237640865,0.019433965386571116,0.22654145055241184,-0.1874868407338696,0.020511259951690387,-0.17634917226384567,-0.47839056401778113,-0.22546352168739658,0.19323581766207867,-0.7288757032331059,-0.5754413568719914,-0.5242611569752066,-0.7874630533098258,-0.4825050717304079,-0.38186597892760704,-0.4385611249369554,1
109,0.7593584419668299,2.0275973032665284,1.2551089185852196,-0.3533704156444048,-0.6734879717915598,-0.3477583685168434,0.256968871507205,-0.26693317104340003,-0.2933538641011261,-0.44434192360086777,-0.8992088234406223,-1.3874180433992649,-0.12424262208616163,-0.4870162923258201,-0.5385560763651235,-0.4355371060664038,-0.10948884103513087,-0.1724507359625487,-0.36800553087054183,-0.12243613605599253,-0.4765226336905151,-0.24824410400050684,0.4701777468499029,-0.3601943692843697,-0.4832103934083058,-0.5556701307834744,-0.7949683628203962,2.086907444407709,-0.39793220030618526,1.64947697699693,1
110,-0.5668942129550772,-0.7258335411207285,0.08351522287179829,-0.5391335655921732,-0.670637469171632,-0.6359001045968021,-0.4483034011403489,1.3444732480525985,-0.4431902908804895,1.071056801551643,0.4296114149051505,0.6232510046683711,0.38912613654089234,-0.30495350912769986,-0.9492072736447459,-0.8752970863046163,-0.5510595078683403,-0.22752103431822118,-0.5615000510234829,-0.13519828032954004,0.5719466915407121,0.6880389907673237,0.7055903826057773,0.6228769132678956,0.044196319113373926,0.09571809898173218,0.6459302877224542,-0.09007721129556175,0.09288100683033396,0.20027118272345,1
111,0.5441770945029965,0.6400589018229383,0.41840214540958365,0.05792508139935729,-0.11660316518793967,0.3292464806840398,0.5468879585992583,-0.19254755452462513,0.39115071227464465,0.03325531851787031,-1.2270637333044299,-0.027913425581199316,-0.8780038783530246,-0.2434015462050266,0.39051682033403884,1.124607384707626,1.8812851291184314,-0.3241538580549591,1.7619554513723819,-0.24418396292174005,-0.7286284300415541,-0.4480634928101048,0.0,-0.1567268131806712,-0.08369974735768289,-0.4381495907390966,-0.757892604307948,1.3121371510392643,-0.3338687794269396,0.5576663113628255,1
112,-0.6254075909769502,-0.739486349550484,0.3833875894799554,-0.06227340914228007,-0.23345964563590263,-0.46330978447777393,-0.3930089368900806,7.785645771685953,-0.3635887561515098,4.073162966584411,0.0,0.06357718610100177,-0.6010136233962522,-0.4327676649312294,-0.014626592101495868,-0.43634645792669613,-0.4317157843727333,8.995209463764894,-0.36852600543760666,-2.6488245788303404,0.60526463703756,0.767072986602033,0.7099063540386573,-0.2780503663104334,-0.5622749909252126,-0.745048016539352,0.43606611181191546,3.2202648719997393,-0.478483371127951,-2.7985738696549816,1
113,-0.5157650385428693,-0.907422479588164,-1.0342889102596626,0.10766681292662574,0.1726121980280753,-0.03291815259044382,-0.16636326522757436,1.9783895286454058,-0.03304152555759736,1.8346510643609577,-0.2963530048577613,-0.020134890605232304,-1.233621131407927,-0.3432121453571741,0.6917718694968512,0.1306432296532937,0.033047787688085375,4.948245514937605,0.1446068072297729,-1.874857875788071,0.5658008856894949,0.7282415807573153,-2.3126306015269447,1.7363077180386035,2.4795857090600983,1.3025832446673045,1.5087861022799207,2.769251295118686,1.8775253715398226,-2.0270967720640276,1
114,-1.261700825573768,-1.2526804574677464,-5.6131648761236494,-0.7219885983108919,0.07803050701997488,0.14040438915658973,0.11907312034098631,0.3522723662978887,0.15331242413717197,-2.3275981355641195,-0.2548825420572817,-0.3811482151791584,-0.3052434273579802,-0.2823047402174388,-0.22213009185874213,-0.5178174066672325,-0.43592627645452403,2.5481681775840004,-0.4178167220001766,-1.070573231450642,0.6592929344482157,0.7130108117421879,-0.5640327117115815,1.834379312608288,1.5669086972218145,1.103360495751517,1.527576632166109,0.9301741875904155,1.5045772900029908,0.2888776842619141,1
115,-0.32958622114523184,-0.06312189203159593,0.8217464255960525,-0.8195342395787245,-1.0778412269691158,-0.8441579036236129,-0.4659627191116801,-0.2964347984006984,-0.4988868526614416,-0.7568324983235258,-0.17676156289755862,-0.46369938665429333,0.34548307465118555,-0.45549576401266406,-1.000508475938003,-0.9006673075817903,-0.5735180435582726,-0.36053070449896946,-0.5672036101664327,0.2666727933970832,0.6195049114200172,0.7666015382172426,1.2805639399214361,-0.0156713894265506,-0.7056672680205383,-0.7708669923983226,0.46247150599805614,0.24802985302448463,-0.4872968662710495,0.12810997553590134,1
116,-0.42111709935629094,-0.19471012480180167,0.9210136094738736,-0.8555062662557442,-1.130829310792744,-0.8686280256568275,-0.48086422304497267,-0.281121623476726,-0.5025335876835675,-0.718794656347157,0.04050722646134138,-0.09297581839049954,0.41975686810168855,-0.4517573288583753,-1.0743482385370189,-0.9898556484604369,-0.6080601408266593,-0.28179984499980704,-0.5825274101343739,0.17355128224506414,0.6242981678115274,0.7534092852242799,1.3425612053421256,-0.3496190341022984,-0.9642641646559865,-0.8976188943941589,0.4553708791154954,-0.5022668879340967,-0.5230168879939937,-0.23253288624622606,1
117,0.16687639496601564,0.8801639090142236,1.4210035709128168,-0.6801366353131703,-1.0340289928737205,-0.7775610432918612,-0.29106487392541447,-0.34041660481743413,-0.4858762825166018,-0.6070232663562735,-0.6051623809567611,-1.1782389020757278,0.30104646518324213,-0.6054777494404148,-1.050637652014626,-0.9619185727273472,-0.4463279892319178,-0.23833949303834606,-0.5785190895347458,0.3383323573494301,0.3549919065993209,0.5055220875237403,1.1721332198797059,-0.47120740106688574,-0.950423673743953,-0.8660989851510315,-0.06267540199855745,-0.547852332099324,-0.5153057773196892,-0.33863254018192573,1
118,-0.3803891927110502,-0.0992157397599092,0.8884656752685637,-0.8570803424680857,-1.1270917340692084,-0.8825008059012459,-0.47727386006687483,-0.29687278261597616,-0.5043303781055303,-1.1482248810134863,-0.07458124293712566,-0.2635489859706562,0.386380585206065,-0.45735506530323033,-1.0436677354197934,-0.9339720883638499,-0.5932069820381679,-0.3236516559522315,-0.5737868937397341,0.25813749973889627,0.6163990497030466,0.7527087528543766,1.3933596471688503,-0.31553769083768035,-0.9698376037449551,-0.8659071348071751,0.4420197756138499,-0.5107202282037969,-0.5152564680803414,0.02893636789198168,1
119,-0.024831231479544847,0.562747874643298,1.1384778649706513,-0.7004759156640427,-1.0083951868642558,-0.7761812789548164,-0.3746999078389343,-0.08579636114022746,-0.4855590060562887,-0.36779697586064447,-0.2961607544817072,-0.7810307146936594,0.35305569787979846,-0.4397569851059484,-0.998234048796629,-0.9006040258948456,-0.5478854430400374,-0.22946211460216817,-0.5671901245113916,0.6062152404322456,0.5124634850010469,0.6400243028446357,1.2676005469864537,-0.3229287994295915,-0.904424395437677,-0.8430489406103301,0.22966014024799042,-0.40093789957863984,-0.509175834820887,0.11908112149274658,1
120,0.3052258951213343,0.8644034305970761,-0.4879723508485798,-0.14983359102742852,-0.17972762490912267,-0.24727424073668108,-0.03396052238846873,0.2908673985300508,-0.22123208426019175,0.21211837737869393,-0.9609512581602222,-1.4729960285160855,-0.15381563280129898,-0.4368895293179568,-0.47620976639120066,-0.44013784471213474,-0.06985810572074411,0.3232251408010607,-0.3709560845097411,-0.4584681144025343,0.47144340307879135,0.5167588259710462,-2.3640301319875725,1.5065008599682868,2.354264886221607,1.6801575904103572,1.7095540172914572,0.8210959474556467,2.6693490260549475,-0.8232812952141446,1
121,-0.9959342084645485,-1.0672995949356514,-3.276752089975157,-0.8054764926723276,-0.3906808247278452,-0.23745788032495152,-0.23150393040404604,0.20948777780550015,-0.21363555538844003,-2.0952684948755436,0.12508595434597936,0.3042041689706134,0.27968441062610544,0.06755626669215097,-0.5991153365142375,-0.5006794738328892,-0.46559469727524183,-0.2023721108217933,-0.4079581810377608,0.4332969831839974,0.6425181239181712,0.7262329452742349,-1.8081650026658533,2.6344856688930602,2.799523637595242,1.3985061379353423,1.7667327104306543,1.4723773451605515,2.068144077036112,-0.23878255560538145,1
122,-0.18960848786292891,-0.24025555498893322,-0.0565487373326504,0.5228841138303704,0.4356325065054,0.09201158869087052,-0.02732058247193747,3.3767585255827512,0.09820510509305215,2.492188697803844,0.20109668106715303,0.11257960661310128,0.07729482508542783,0.2167284230915932,-0.29618927972605297,-0.5470279774120622,-0.48273640563673753,1.0208077600479373,-0.43399365856127237,0.4350933744157878,0.7340710157373741,0.7831719508283259,0.9592730181491239,1.0396553542788485,0.1816903644838902,-0.10321265798737224,0.9168243903379796,2.5275045521860093,-0.09213994588198442,1.8894223134406276,1
123,-0.13067277913162398,0.5340685086513353,0.445598084132025,-0.7442592378387161,-0.939309814922592,-0.6816825874372783,-0.3923160315754293,-0.32284239139143417,-0.4592191135162966,-1.2040290932159303,-0.6587753368125636,-1.247395013329395,0.21814335559924541,-0.5412417817927379,-0.9245535804857231,-0.870076604994019,-0.40566176217661537,-0.025503379105193104,-0.5602525356844846,0.22095837537148838,0.4385241739053317,0.5935650623878758,1.170593091411072,-0.3943812072975563,-0.8980512450171874,-0.8420173925258987,0.0884063778687123,-0.4514148292103523,-0.5088918090184416,-0.22649399158121067,1
124,-0.5637530396105781,-0.5105454066518538,0.7385581735395867,-0.8632280102091595,-1.1087532182860838,-0.8588089104734734,-0.4879505431004779,-0.236668237085213,-0.5011434601063383,-0.543378835418688,0.07361773444900023,-0.05003642516697818,0.4168314322878457,-0.30924229745560505,-0.9803783187942295,-0.9441790157228871,-0.6029777287316181,0.46336699837421647,-0.5755990074553871,0.710838899526751,0.6160566043470309,0.741515175172193,1.358919588337463,-0.28090949616943156,-0.9273489715136424,-0.9046369942634169,0.436680154958661,-0.08113140462910809,-0.5246282548132585,0.15443303405893458,1
125,-0.6028625699742578,-0.5194982992919781,-1.1918372026729611,-0.7819798277733413,-0.7089794127884438,-0.6320585478697806,-0.44709468676387304,1.353936169220172,-0.4417483356654696,-2.5779065437188375,-0.03990747873575945,-0.18135501606888751,0.15448583098149157,-0.4468157191818244,-0.7989505566021727,-0.8629190442906591,-0.5839956980926985,3.325952427742276,-0.5585011368522278,-1.2908365689472239,0.5532443801080299,0.7453647831861945,-0.5744705000843179,0.0,0.3428293034326171,0.0067971030485786,0.5647909801816264,5.331604440357346,0.006359743686825635,-4.261564654187339,1
126,0.36567589678174783,0.8436325314945132,0.23062339572848037,0.38674175461019555,0.24962191059267305,0.2162037840826546,0.32203089631633985,0.8071233696975327,0.24441871691837458,0.8682026453238343,-0.9415979695693361,-1.411021549472109,-0.6062569993771079,-0.20886812338496102,0.1336700666107595,0.16072074130697536,0.3664246861295769,0.28693152791492366,0.18013553377997885,-0.46486339915051655,0.28030131262137103,0.6402550469176106,-1.5056600365677237,0.9217119469258086,1.4818708046367648,1.6168732545361573,1.3092816503426041,0.08972388044317721,2.5288706459327526,-1.3291545243735299,1
127,0.24493369752874294,0.8536910098988303,0.5573475211768255,0.0797747363306345,-0.1171258044251129,-0.08220597979256601,0.02771233849876413,1.272065200579231,-0.08045253722300688,1.280340911067695,-0.3124328887560667,-0.6476864145489072,-0.2133224511235154,-0.1759741911555835,-0.24859615321578438,-0.4403188957921559,-0.3836030731199341,0.8108116017921181,-0.3710717959720127,-0.5847443007849997,0.47802940368542496,0.6141494259002932,-3.2603952223177575,2.1953918063082276,3.3177177913276847,1.6946121837687182,1.738097733710037,3.0716280918668355,2.7018738510274747,-1.8669817642361834,1
128,-0.7770004593702085,-0.894254247144231,0.16643386734744664,-0.7138043252131384,-0.8624168721616916,-0.7574281141710415,-0.46055549481661057,0.8234274875178792,-0.48105461930330634,-0.021159039865800186,-0.09620258486581951,-0.3355909101442487,0.32875792839632095,-0.3886468582536193,-0.9406739521033067,-0.8909005161669944,-0.5836562514189954,-0.13755802248825205,-0.5650784111114403,0.27879623052079516,0.6111671927776889,0.7525759505496306,0.7590176199382899,-0.21328504956517555,-0.5463312882538546,-0.695967563903687,0.4576836673926706,1.1115085474297495,-0.46029466125307883,-1.5039452366112922,1
129,-0.26806002630269504,-0.061357659418462225,0.6860420759969528,-0.5170429524046409,-0.7470171896902488,-0.6601615920737793,-0.4223113086972303,1.2783683192864523,-0.45195009797030455,1.028408471888768,-0.027874604913833964,-0.21939698728822557,0.28165800050726814,-0.4215655811801202,-0.9133481235435909,-0.9084304268371025,-0.5933682829529828,0.40293729646660215,-0.5688298624021701,-0.12059316461212637,0.6388290803506017,0.7419750032968196,0.5848283157062728,0.24985736655076488,-0.13833417530148878,-0.6375942102797997,0.5298178713695667,2.995953967666139,-0.4362140341965978,1.1223751654426521,1
130,0.6912731804350878,0.3780350681764014,-0.804239147604404,1.0644494194439797,1.110781623446118,1.1219974052137318,1.6200614449656938,0.5353654456819298,1.785514156994188,0.763656712904965,0.25292968229750756,0.2975113388332822,0.061057936753188644,0.6961471973189026,0.026488214796792278,-0.27511616801648126,-0.3299033758463626,0.6877079060432778,-0.2528766999764027,0.7016528880037513,0.3960108169706717,0.5591144739979382,-1.1086371022838741,1.257399182347559,1.484788163043739,0.6970593104243742,0.6733846501586828,0.7837163180124819,0.8399960411824511,-0.07858296872774397,1
131,-0.642288323374927,-0.7346735228791434,0.6192539903288302,-0.8342566990082574,-1.0596166559406188,-0.7892335154363813,-0.4778366865764493,-0.2488228710779356,-0.48848284762498834,-0.2635425347674142,0.19322742171376536,0.09733743802830493,0.4325882860108058,-0.36910023030249894,-1.0347567492875542,-0.9227712071776302,-0.5957109520654359,-0.3539380423274769,-0.571687381425027,0.3982085337672132,0.6242514248941892,0.7281950999273658,1.3679488172338532,-0.2102709067619677,-0.8850393358669211,-0.8128206843318855,0.4663128585730243,-0.08111302816046823,-0.5005083500775459,0.4943498551176699,1
132,-0.7501296276617361,-0.7320060030966776,-0.7287490498844779,-0.8386844230620263,-0.8428409726901103,-0.6728637820399052,-0.44702169147273424,0.2843089547231818,-0.4562974343572799,-2.0052462307482344,0.21509275630270544,0.3518294832296862,0.2929568025279968,-0.3177752508852999,-0.8586943565549682,-0.7638509470676372,-0.5594093210438745,-0.04077974227773848,-0.5293913416307726,-0.2997505539521114,0.619838088301787,0.718676491834177,1.2346928773046673,-0.18025004475268847,-0.7903471670988828,-0.7613657657145306,0.4647564873306359,-0.34333949630756117,-0.4841140633286097,0.12905803772869937,1
133,-1.0614298730679954,-1.1735863791613708,-3.2540706426862833,-0.8427604033993398,-0.4324345194648182,-0.2917752746793376,-0.23937414340860147,0.9480720694474223,-0.25443997092549764,-2.9205597307366804,-0.3339509616082719,-0.665988296926113,-0.3338676759215689,-0.07345810201057297,-0.05944630998250941,-0.39260708555020946,-0.3519899299126623,1.195106636752889,-0.3395295638280124,-0.5816922302799444,0.552913642715862,0.7158693822351426,-2.609563243444706,1.5453531606023931,2.517703356128955,1.0798770746925523,1.2786468134460236,2.9566925788606646,1.4626571343259955,-1.8889416716080383,1
134,-0.6531953455498142,-0.7617768410451063,0.03412542490565613,-0.8439495002656767,-0.9734471023661733,-0.7365701837077497,-0.46850402792274115,-0.20914252560048724,-0.4756243068304418,-0.7034420261855363,0.017617841628318063,-0.06721500246912587,0.3618936800306499,-0.42213080876980247,-0.9960535103303719,-0.9079227612226239,-0.5959703469955832,-0.18147092498009507,-0.5687252184419087,-0.029349709687828726,0.6296943220134954,0.7418438610355775,1.1506875113628365,-0.0934750266545584,-0.6851605917433876,-0.7063592591622675,0.49596521755785783,-0.19305172762843767,-0.4643026288853266,-0.0007340418487328207,1
135,-0.49188943837016397,-0.2792333350525317,0.5677704321340444,-0.8404320631011212,-1.057463947360543,-0.802495927839578,-0.4788663714132842,-0.25894181257318555,-0.49127620119958926,-0.8547919466517404,-0.15698576343168938,-0.45648015419582394,0.37555462242891435,-0.4478222209638998,-1.0264723910421383,-0.9435215925019672,-0.5835950219170077,-0.03880999437277824,-0.5754851945684768,0.5731823019846737,0.6255355949929313,0.7452602013215801,1.2904522354536825,-0.16274648683379914,-0.8098116202587914,-0.832261560320257,0.46633762313783955,-0.015724396865540908,-0.506164570336326,0.2543886162656089,1
136,0.12431217364948088,0.10306882390340769,0.08067573966713346,0.5480601011290737,0.438785292340877,0.440793968082982,0.3963375927130639,1.3190186290874508,0.5486886350160397,1.4058655752918452,-0.16683286353612747,-0.1852419335911829,-0.43550138695419977,-0.14373638569451014,0.0,-0.31465440907474856,-0.34366171862880607,2.486288270737103,-0.28346317099941054,-1.2047289236519352,0.43697631848205143,0.7074331132683067,-1.0100972576622969,1.0092211240348001,1.2632508119718835,0.7441825872348563,0.7819626606042404,1.4084761030606578,0.910469044721071,-1.900701990606334,1
137,-0.6598904215253578,-0.7645431578330383,0.5052272303569916,-0.6964765619129665,-0.9003595381487961,-0.7443938201303645,-0.469568057777411,0.887802875309075,-0.47771305728296454,0.7186181776341556,0.10816386090119885,0.0,0.3204246507467183,-0.40222884766990247,-0.9407910492479102,-0.8756547505545677,-0.5913517340209309,0.0,-0.5615845974564277,-0.08862702201441527,0.6097544573199924,0.7305689418649401,1.3269664371457055,-0.23630018294084815,-0.879559725789563,-0.8652771237943321,0.4277523984388879,-0.18372517778926017,-0.5150943410120298,0.23354131372425624,1
138,-0.06444528652068551,0.0,0.6680472100521133,0.14366284305178892,-0.07013159207546288,-0.08408591371372198,-0.11283477889675468,1.4552084318957212,-0.08221194306595421,1.3738373369964625,-0.31138606874985253,-0.4608088736542091,-0.07809248427570124,0.011122753535772396,-0.2679562121288557,-0.5042098542378015,-0.41565856404767865,1.0283868867910655,-0.41001124613549167,-0.5498290510010091,0.6648785146722362,0.7355091890564633,-1.7195031346108642,2.097966099389627,2.3901854925390666,1.3416895181300221,1.760819858081842,1.8526512215266684,1.954370478851912,-0.45209933291174115,1
139,-0.8187575547281221,-1.0640910438465687,0.07982102657006683,-0.8461485908975389,-0.9831917342445777,-0.8145412725488175,-0.46291044932127134,0.1618887559523524,-0.49365811026358963,-0.34068682704941955,-0.01488033175728916,-0.25493384721012746,0.3791934287613636,-0.3455507332048501,-0.9649267722013377,-0.8872223753866151,-0.5905445547223944,0.05550440480149406,-0.5642551897349157,0.6855476239369015,0.6071315292960957,0.7335138338548706,1.129719062065131,-0.15192140841513604,-0.7126149404397746,-0.7712665139254592,0.43568477542163125,0.4134676603142612,-0.4874291576291473,-0.20211931458694804,1
140,-0.3962957625523814,-0.2432382843139698,0.7122398933521064,-0.802428970342467,-1.0424166461562951,-0.7662837092708862,-0.46484405612134305,-0.216695454345799,-0.4832262708666394,-0.24724209133907574,-0.12154144417124367,-0.4362841632179471,0.3878967545089632,-0.4656682079999239,-1.0505300492371956,-0.973285658353802,-0.5927629522737375,-0.2024499751821351,-0.5802371410649949,0.5045369788585155,0.6008407936566359,0.7248584410086844,1.4216701494363022,-0.3369208810496246,-1.0000158787834064,-0.957914418818128,0.3985659563114176,-0.3407550708567785,-0.535607075145991,0.23810243319710195,1
141,-0.4180237818305816,-0.5516308566723579,-1.5986060714653783,0.027979781669904027,0.18396994866205443,-0.19104644331008913,-0.2572911966194134,2.094562582231038,-0.17639163484630835,1.182969414388556,-0.07197814051383077,0.0463093083967915,-0.17537196258945464,-0.06312699763680193,-0.215513576473673,-0.46418787131534367,-0.4402804941726098,1.0007594663515291,-0.38606110718075237,-0.6933596150482824,0.606361449871169,0.7270629599505959,0.044127131534520726,1.5313503145261742,1.0234355828832258,0.3957169561728644,0.8843261178161039,1.774202931022526,0.4303208879133933,0.8277881799560983,1
142,-0.43903317862197067,-0.23265759302548972,0.3290817571014425,-0.8220066009173521,-0.9994858360542891,-0.7514253454706339,-0.46688819699050965,-0.18743401670648321,-0.4795371837100195,-1.2028654548608264,0.2629412282622554,0.28387187739823244,0.4277468233512827,-0.362124131828496,-1.0253351774608803,-0.9283679822233505,-0.5897677664336273,-0.4301564406116321,-0.5727509611269703,0.13573559360390772,0.5912334823895465,0.7236150791152752,1.3396821712167373,-0.28311197348967365,-0.9180613498034574,-0.8663182094890695,0.388048975120571,-0.46021690078245125,-0.5153620870317153,0.0349011161289613,1
143,-0.600997621279482,-0.5406126356763973,0.49887711351066766,-0.8807819603863529,-1.0873118263799717,-0.8266756391111466,-0.48420055995860334,-0.28433323270182814,-0.4959083377258452,-1.0613398743249791,-0.09325559987488172,-0.31087819896961627,0.38165424862437375,-0.4663491254653515,-1.0445580955883145,-0.9645970417214575,-0.5953157017265754,-0.24685997487477804,-0.578934687068531,0.2567300124911615,0.6353800539984542,0.7623834037060998,1.2254650053464289,-0.22807372596926018,-0.8172486466698362,-0.8335201303564217,0.48772605077179554,-0.1702272076114435,-0.5065205769530295,-0.37905508446543873,1
144,-0.3760965660727169,-0.14001891257205457,0.2133570435394527,-0.7873261476163099,-0.9451134645412508,-0.770323116826863,-0.4629144877525935,0.08503904930866654,-0.48419034947734957,-1.0061178608653405,0.207112959223714,0.17438018471740147,0.3971376779287925,-0.3261611129138501,-0.9709662413260605,-0.8901009768450832,-0.5890762516095239,-0.3502895126541193,-0.5649005273761755,0.22553858460547527,0.5872880867589819,0.7312644941486928,1.202363078265218,-0.3113631032112924,-0.8601660051369864,-0.8187751691704206,0.3861213590643947,-0.43117868554492483,-0.5022721179794739,-0.5011524963880721,1
145,-1.4210360168981622,-1.4436598182900153,-4.534740646005436,-0.4281247258708482,0.20073960515095685,0.2799239582868774,0.31945247326106185,-0.10104326658831375,0.3255298720060247,-1.5952813994231756,-0.7226197801458215,-1.1203769416821434,-1.072806449865017,-0.1717961345573742,0.6361454577654319,0.11059912304580807,0.18381360238844174,2.0799875152228813,0.12139471552877759,-0.985021701649676,0.3695100211617275,0.6751887038194246,-1.5991693108923104,1.1302497217305476,1.674015156897468,1.2880835625627467,1.1223519607370664,0.5687743667226864,1.8493363812774228,-1.4487501636691016,1
146,-1.212686738533359,-1.7190071368984654,-6.142691198825215,-0.6470422600256354,0.2414056452189216,-0.21562180774509518,-0.14222146119778262,1.7521665106394246,-0.19638573690221858,-2.4484395371763443,-0.2584213484374965,-0.4802998613655299,-0.4657096468450612,-0.13143029016546845,0.03885725849901985,-0.26829103679578364,-0.2960861000126801,1.914770029658906,-0.24745043683540785,-0.9398172604050542,0.4380499822856147,0.5635384520958533,-1.3253927714957998,1.7475095646492618,1.9346849513272124,1.2558034831365956,1.21409702539375,0.658970140205911,1.7871696840905404,0.06457327010766123,1
147,-1.1370678977695339,-1.4213175759937808,-1.4720511678569825,-0.9003171232218269,-0.7836848043436427,-0.6153480987290891,-0.33639809553699096,0.12534007587116575,-0.43530121211244294,-1.9518110898471417,-0.4172065704935669,-0.8490964209840571,-0.08151440129118058,-0.2081541517008661,-0.4044091817696602,-0.5556250190849181,-0.40719122397768837,0.8877093949188926,-0.4386043632127092,-0.21498282197846072,0.5326233172906568,0.6775177249816429,-0.29131646169386954,0.8688417293727392,0.7669332370696825,0.45145607500533946,0.7654378070528766,0.9710760877189317,0.5007553189536617,-0.5257372278719042,1
148,-0.08819234097926013,0.8649209388331957,-3.0227760964058485,-0.5394640754728444,-0.16103691625017522,-0.31438151618559734,-0.2497655317546402,2.063147845385878,-0.2705374912220187,-3.342511151183903,-0.6729182703020355,-1.3005569525320448,0.21608753281123178,-0.2315846535031112,-0.7247890406534548,-0.7989089648348054,-0.3826131736603256,1.078069181988721,-0.540730848678915,0.9377846522085069,0.5108293064118319,0.5187541812169981,0.6460129505431769,1.929100902612099,0.9533338144107679,0.4572089073496096,0.7255877801645163,5.6803904796753475,0.5081629197688542,3.4783110320975275,1
149,-0.688708566168864,-0.7590152288612165,0.13252068665014427,-0.8283943037381098,-0.9737333768174132,-0.8074051405515608,-0.4776085136479827,0.13576656408772195,-0.49226479918274185,-0.47971465331984847,-0.0385292836430762,-0.22946443259681484,0.3968601418501445,-0.46141247391276796,-1.057012588580511,-1.0089453685886272,-0.605612346511267,0.09556720209817939,-0.5848510172468294,0.3107451069934057,0.6247364569586792,0.7578083628692609,1.4123519852101256,-0.34562529471904907,-1.0006380367755623,-0.9764667287662255,0.4485282353469564,-0.12066800705668498,-0.5389100272437242,0.08738164485999678,1
150,-0.2655845020028153,0.0345930738027095,-0.5460182701746827,-0.45062709167211673,-0.4770132911156165,-0.4269115088440401,-0.34716975818963924,0.16464788198883396,-0.3429308980005968,-0.0663755940368603,-0.1440713545701863,-0.4072803328085881,0.03878104103265615,0.020913421160517386,-0.3816522511337256,-0.45117309197941036,-0.42441823068266693,0.02628051557167677,-0.3779534014336115,0.16838388615188865,0.7037200007373434,0.7471227542073373,-0.2735211413341676,1.139653847201765,0.9385507037144535,0.7494110650775901,1.3413476312382953,0.49485123174725737,0.9183950791053161,-0.3241625947654882,1
151,-0.3193026773802224,0.015953367792608135,0.674494844492143,-0.7389932374288902,-0.9715147497668297,-0.7379768425295818,-0.44855179713677956,-0.06687600849632143,-0.4760044485823783,-0.5062825594094209,-0.034817696844456854,-0.2894743026478408,0.40233788165363754,-0.4476586024423805,-1.0538551857740244,-0.928124916686669,-0.5959984813657719,-0.428094590256399,-0.5727053723498414,0.4149573360457215,0.613765926310114,0.7366612494554651,1.315955937441118,-0.2281189380660022,-0.8679133886177258,-0.8417884416571032,0.43947870346352724,-0.15260419952286663,-0.5088286571954479,0.3225767668358113,1
152,-0.6997901736512944,-0.7866831014985834,0.3339977915521345,-0.871671705816444,-1.0509521451284662,-0.7903510757448743,-0.4742976594671943,-0.3433952393930033,-0.4887251359887468,-0.7656013106462906,0.1121010136234751,0.17033346650472517,0.35588759376098245,-0.34326337944468854,-0.939548342756792,-0.8416126796016384,-0.5842792898714173,-0.330368425605011,-0.553007063875551,-0.00469804431012926,0.6147655532741669,0.7339006206531109,1.3746433455520926,-0.20869494072648356,-0.8877286177659803,-0.8156041252653318,0.4453153676960096,-0.3162484078537099,-0.5013362732694836,0.3084319796246951,1
153,-0.5629412784754063,-0.5685768993763647,0.5775910284314476,-0.8536044498404662,-1.0725121902651351,-0.7834863709380588,-0.47841082794903844,-0.3721374692210431,-0.48721678659053536,-0.6082117999700465,-0.06605409809416485,-0.21060794771581354,0.3638600745186433,-0.44879071033709483,-1.0150886510723356,-0.9307246664941626,-0.5935974108243122,-0.2518334805845703,-0.5731901405716814,0.014784985614873002,0.6217143528723577,0.7609541184818017,1.347762041192099,-0.2548995967883639,-0.9036665463471812,-0.8431318128446548,0.45652584914711913,-0.26319769548133104,-0.509198616764953,0.009028696383700002,1
154,0.03098461624551871,0.33796581623491084,0.623280893755546,0.04408613566655002,-0.16435261481593672,-0.19088891386761087,-0.14113478874323035,1.9871524509759135,-0.17626148917571782,1.948704323142811,-0.3774433986194075,-0.35734260806153273,-0.5521076552140033,-0.5153421278730874,-0.11752543176175695,-0.28917243336265785,-0.27746416533653023,3.0717457733093068,-0.2639162243577346,-1.4838415853103313,0.7728078121711792,0.7381801762304754,0.5058174032180244,1.1977471435232299,0.5414204258242484,0.2383723195812896,1.1754332988505962,2.2101355153748297,0.24457865052105326,2.187397522129657,1
155,0.0,0.4397079371468632,-1.3342186402326235,-0.21154199455865635,-0.10374906533886744,-0.11271940787362328,-0.10718517661649783,-0.013044182419369216,-0.10856511667677132,-0.13393876216623513,-0.3444094097730933,-0.5150424176941694,-0.26062590555264725,-0.08353799407073823,-0.1410471859244061,-0.26260696562102165,-0.27016465231340975,0.2863374069890987,-0.24289846880322818,-0.31718752049889887,0.47175070972149125,0.625256682052231,-0.6080308542451264,1.457157189844475,1.3386070011985678,1.570501437061265,1.591681658063347,-0.09900238304501076,2.4279192257080617,-0.26183928476494034,1
156,-0.33449329232942177,-0.12554750026059547,0.7726549167819966,-0.7429381216837957,-0.9916528395312147,-0.7153118565746747,-0.4467478857359,-0.13048708832170883,-0.4696342109819205,-0.1197599728074993,-0.08130739832393372,-0.37642939394704145,0.33254064231747626,-0.3545745421880619,-0.9228076728113307,-0.8784538163859692,-0.5830589504232688,-0.1167683875640984,-0.5622421665665035,0.4516972996123516,0.6376552870209232,0.7597041164587383,1.167063952815208,-0.11250072645822208,-0.7070804762141774,-0.7604462760872267,0.503881169417901,-0.0250450952828143,-0.4838023051071445,-0.06534969742099626,1
157,-1.1462015017836276,-1.2015318243832536,-5.833147380691139,-0.7950497379728251,0.03961982004362881,0.11546763093717277,0.05036550116636236,1.0233955953707474,0.12461807451606997,-2.9080662029754487,-0.2922619520440755,-0.45536154911897303,-0.08504116527199387,-0.10473733436846781,-0.3347785862966103,-0.5084449737605626,-0.4226001877744691,0.781934865988351,-0.4124589315795361,-0.3713466317730783,0.434812196338478,0.667839754065092,-0.9631426876751631,0.9681254400826074,1.209423312935819,0.6345235820016845,0.6988266745272378,1.2214782808275162,0.7491501174542969,-1.3677977860186226,1
158,-0.7535883200011025,-0.7242574932884422,-1.8938377479195265,-0.7174039282513117,-0.527868441856284,-0.3917712198421734,-0.35448242789040163,0.08199279955352544,-0.321707941025606,-1.8097148163721466,0.36363132992503616,0.5090357906595689,-0.06759853685215016,0.10274746897378867,-0.22024176872150628,-0.6755582191204486,-0.5113602351878485,3.0717847256027184,-0.4957944968360504,-0.5715878829286554,0.6239846327625272,0.7204162025985802,-0.4815881124109828,2.6629198001230105,2.0762988090688266,0.7140096180231849,1.1357915675369112,4.3753274111885,0.8651456678274465,1.1916274917324565,1
159,-0.651849820301253,-0.6761527496235412,0.5726692576021203,-0.8418639646817041,-1.0597287173253833,-0.8203576238528553,-0.4816692340512846,-0.10958266492569171,-0.49475540642791294,-0.25081349365747774,0.1434627166733961,0.14419194886129796,0.38613697021170784,-0.43042742435716247,-1.0262297573466415,-0.9311685931528919,-0.5998679349775603,-0.1491216567853283,-0.573272293256234,-0.1447666495118931,0.6200713728997034,0.755676885342455,1.3614993680122973,-0.3034832727462134,-0.9439278239394674,-0.9033272948150834,0.44553083915214076,-0.4141690337125191,-0.5243304636636608,-0.14486123953712593,1
160,-0.6582575910655211,-0.6689687942521365,0.3869498501461057,-0.9152131464904483,-1.1040579404923725,-0.8768374328933828,-0.4873938753448216,-0.10233462799559562,-0.5036205186537963,-1.1797626310630105,0.04663171774562588,-0.09277841750280275,0.4220563058840595,-0.4492352899381055,-1.0750982931266873,-0.9965886807922175,-0.6089216756728342,-0.23419848421686962,-0.583385447669763,0.25377784363603856,0.6202243032660661,0.7380988348529204,1.3344013622023583,-0.30096646343865435,-0.927077589326606,-0.8866397038836534,0.44778218510031387,-0.32946899709248134,-0.5204189290874753,0.11172271031919785,1
161,-0.46193247838904716,-0.2040017501448842,0.502812235607346,-0.8671018071420181,-1.0740038308526856,-0.808659720558531,-0.47771067169843673,-0.209144055632664,-0.4925135070293978,-1.5276287895618899,0.13430847316134759,0.06594129673850288,0.4206398440005466,-0.44363094265393344,-1.0700673362532085,-0.9684678637682488,-0.6053149446464937,-0.32426976884651204,-0.5795235644855075,0.047336805047980435,0.6111266411842786,0.7357714737452955,1.4289760855264475,-0.3029407270099935,-0.9813208228455894,-0.9545569219327303,0.4209514822597877,0.209531240458968,-0.5349806142284085,0.6700812878908008,1
162,-0.33075883953714286,-0.05621080461237876,0.9897635198423582,-0.7798887529264119,-1.0649843020378833,-0.7908598925494275,-0.45958647901049565,0.12434187134117242,-0.48883502701102477,0.05486233846614564,-0.024034714792232553,-0.1553779992017114,0.437593186577588,-0.5499664498465241,-1.1553404204669193,-1.0555012989587687,-0.6102366647619479,-0.2675113319904515,-0.5891039074003572,-0.06749787568536134,0.6220689736693873,0.7369202140351108,1.4490106545756587,-0.4304475787335291,-1.078022374582891,-0.9783805038484059,0.4423813621677606,-0.6707482465446581,-0.5392354586862045,-0.5419711610788713,1
